Symbol,Date,Open,High,Low,Close,Volume
AAL,25-Jul-2014,42.25,42.68,41.33,41.68,10991600
AAME,25-Jul-2014,3.94,4.03,3.94,3.99,3200
AAOI,25-Jul-2014,21.06,21.06,19.53,20.42,409100
AAON,25-Jul-2014,20.5,20.8,20.03,20.2,155200
AAPL,25-Jul-2014,96.85,97.84,96.64,97.67,43469100
AAWW,25-Jul-2014,35.71,36.03,34.89,34.97,139700
AAXJ,25-Jul-2014,64.99,64.99,64.73,64.89,523400
ABAX,25-Jul-2014,46,46.98,45,45.88,726800
ABCB,25-Jul-2014,21.45,21.45,21.03,21.18,70000
ABCD,25-Jul-2014,1.98,1.98,1.8,1.88,20000
ABDC,25-Jul-2014,13.6,13.99,13.6,13.78,54700
ABIO,25-Jul-2014,10.01,10.15,9.94,9.94,70200
ABMD,25-Jul-2014,25.98,26.31,25.86,26.29,263700
ACAD,25-Jul-2014,20.68,20.91,20.33,20.62,653900
ACET,25-Jul-2014,17.81,17.85,17.49,17.59,120900
ACFC,25-Jul-2014,4.08,4.11,4.03,4.06,19300
ACGL,25-Jul-2014,55.05,55.28,54.6,54.72,452300
ACHC,25-Jul-2014,47.21,49.89,47.21,48.71,733500
ACHN,25-Jul-2014,7.17,7.32,7.08,7.22,2176900
ACIW,25-Jul-2014,17.6,17.8,17.49,17.71,674800
ACLS,25-Jul-2014,6.92,7.04,6.84,6.92,484800
ACNB,25-Jul-2014,19.49,19.49,19.08,19.1,3100
ACOR,25-Jul-2014,29.43,29.7,29.27,29.51,232500
ACRX,25-Jul-2014,10.98,11.38,10.52,10.83,3997300
ACSF,25-Jul-2014,14.08,14.13,14,14.06,29900
ACST,25-Jul-2014,10.1,10.4,9.7,10.4,435200
ACTG,25-Jul-2014,17.93,18.48,16.38,17.49,1487300
ACWI,25-Jul-2014,60.84,60.84,60.54,60.66,854500
ACWX,25-Jul-2014,48.27,48.38,48.11,48.19,112300
ACXM,25-Jul-2014,19.15,19.21,18.93,19.08,439000
ADBE,25-Jul-2014,72.54,73.15,72.23,72.62,1996600
ADES,25-Jul-2014,19.78,19.93,19.27,19.33,125700
ADI,25-Jul-2014,51.01,51.05,50,50.16,3059800
ADMP,25-Jul-2014,4.02,4.09,4,4.01,45200
ADMS,25-Jul-2014,16.77,16.89,16.06,16.65,104700
ADP,25-Jul-2014,72.4496,72.5373,72.0282,72.5286,1197500
ADRA,25-Jul-2014,30.56,30.74,30.44,30.62,42000
ADRD,25-Jul-2014,25.35,25.35,25.33,25.33,2300
ADRE,25-Jul-2014,41.54,41.66,41.5,41.6,10900
ADRU,25-Jul-2014,25.46,25.5,25.42,25.5,13000
ADSK,25-Jul-2014,55.82,55.96,55.14,55.23,1964700
ADTN,25-Jul-2014,22.16,22.42,21.94,22.4,454200
ADUS,25-Jul-2014,22.75,22.78,22.27,22.75,42400
ADXS,25-Jul-2014,2.9,3,2.9,2.92,76100
ADXSW,25-Jul-2014,0.95,1.01,0.95,1,5800
AEGN,25-Jul-2014,22.13,22.36,22.05,22.17,255000
AEHR,25-Jul-2014,2.84,2.95,2.65,2.79,65300
AEIS,25-Jul-2014,17.41,17.68,17.1,17.36,406400
AERI,25-Jul-2014,21.18,21.45,19.46,19.61,297700
AETI,25-Jul-2014,6.98,6.98,6.86,6.97,14400
AEY,25-Jul-2014,2.51,2.56,2.51,2.52,20800
AEZS,25-Jul-2014,119,119,117,119,243300
AFAM,25-Jul-2014,23.1,23.35,22.8,23.09,30300
AFH,25-Jul-2014,14.26,14.44,14.14,14.28,38100
AFSI,25-Jul-2014,21.005,21.215,20.71,21.145,352300
AGEN,25-Jul-2014,3.33,3.35,3.12,3.24,936000
AGII,25-Jul-2014,51.75,52.05,50.96,51.36,83800
AGIIL,25-Jul-2014,24.56,24.7,24.5,24.7,11000
AGIO,25-Jul-2014,38.28,38.84,38.02,38.21,136400
AGNC,25-Jul-2014,23.43,23.62,23.42,23.58,1977000
AGNCB,25-Jul-2014,24.5,24.63,24.5,24.63,26600
AGND,25-Jul-2014,47.15,47.3,47.15,47.3,1300
AGRX,25-Jul-2014,6.93,6.94,6.7,6.76,22700
AGTC,25-Jul-2014,15.78,18.47,15.75,17.99,590800
AGYS,25-Jul-2014,13.28,13.3,13.15,13.25,31400
AGZD,25-Jul-2014,49.98,49.98,49.98,49.98,100
AHGP,25-Jul-2014,70.68,70.95,70.23,70.89,37500
AHPI,25-Jul-2014,2.21,2.23,2.15,2.15,2000
AIMC,25-Jul-2014,34,34.63,32.98,34.1,750000
AINV,25-Jul-2014,8.76,8.8,8.72,8.78,1215800
AIRR,25-Jul-2014,18.42,18.5,18.39,18.42,12000
AIRT,25-Jul-2014,12.21,12.21,11.6,11.88,37000
AKAM,25-Jul-2014,59.6,59.85,59.28,59.71,1197100
AKAO,25-Jul-2014,11.47,12.16,11,11.1,82500
AKBA,25-Jul-2014,23.54,23.96,23.07,23.36,149200
AKER,25-Jul-2014,3.85,3.85,3.85,3.85,400
AKRX,25-Jul-2014,34.38,34.95,34.25,34.48,549900
ALCO,25-Jul-2014,37.99,37.99,37.23,37.26,4200
ALDR,25-Jul-2014,16.01,16.7,15.63,16.62,87100
ALDX,25-Jul-2014,4.25,4.37,4.25,4.27,9500
ALGN,25-Jul-2014,55.77,56.91,55,56.36,1804100
ALGT,25-Jul-2014,115.56,119.3,115.56,118.22,144700
ALIM,25-Jul-2014,5.7,5.89,5.62,5.8,79700
ALKS,25-Jul-2014,45.19,45.89,44.76,44.94,399200
ALLT,25-Jul-2014,13.12,13.14,12.9,12.95,117100
ALNY,25-Jul-2014,55.25,55.68,53.98,54.83,274500
ALOG,25-Jul-2014,73.26,73.88,72.63,73.05,48300
ALOT,25-Jul-2014,13.94,13.94,13.67,13.67,1000
ALQA,25-Jul-2014,5.26,5.43,5.11,5.22,26700
ALSK,25-Jul-2014,1.7,1.71,1.7,1.7,85100
ALTR,25-Jul-2014,34.08,34.32,33.32,33.48,6517300
ALXN,25-Jul-2014,166.64,168.42,164.57,167.04,1176700
AMAG,25-Jul-2014,18.4,18.57,18.26,18.44,189200
AMAT,25-Jul-2014,21.54,21.64,20.94,21.23,32255100
AMBA,25-Jul-2014,30.01,30.2,29.4,29.49,522000
AMBC,25-Jul-2014,23.79,24.03,23.38,23.76,256600
AMBCW,25-Jul-2014,15.2,15.25,14.75,15.01,4500
AMCN,25-Jul-2014,2.17,2.18,2.12,2.13,101200
AMCX,25-Jul-2014,62.49,62.63,61.47,61.66,316200
AMD,25-Jul-2014,3.73,3.79,3.69,3.76,31793600
AMDA,25-Jul-2014,63.45,64.5,63.3,63.6,10000
AMED,25-Jul-2014,15.97,16.16,15.71,15.88,226900
AMGN,25-Jul-2014,121.97,122.88,121.67,122.84,3028900
AMKR,25-Jul-2014,10.13,10.18,9.78,9.79,2558400
AMNB,25-Jul-2014,21.4,21.51,21.4,21.51,11900
AMOT,25-Jul-2014,12.82,12.88,12.51,12.65,12800
AMPH,25-Jul-2014,9.05,9.23,8.92,8.98,131800
AMRB,25-Jul-2014,9.26,9.47,9.26,9.47,3000
AMRK,25-Jul-2014,11.55,11.84,11.55,11.75,8600
AMRN,25-Jul-2014,1.55,1.58,1.49,1.5,2360100
AMRS,25-Jul-2014,53.4,55.95,53.1,54.9,76600
AMSC,25-Jul-2014,19,19,18.5,18.9,571400
AMSF,25-Jul-2014,37.29,37.3,36.63,36.7,53700
AMSWA,25-Jul-2014,9.44,9.71,9.44,9.6,51600
AMTX,25-Jul-2014,12.8,12.8,11.75,11.78,93300
AMWD,25-Jul-2014,30.55,30.98,30.39,30.64,37400
AMZN,25-Jul-2014,317.3,324.87,314.76,324.01,17855100
ANAT,25-Jul-2014,112.22,113.51,110.23,111.28,8900
ANCB,25-Jul-2014,19.29,19.29,19.29,19.29,0
ANCX,25-Jul-2014,15.72,16.01,15.65,15.86,15700
ANDE,25-Jul-2014,56.69,57.25,56.07,56.42,213800
ANGI,25-Jul-2014,8.1,8.39,8.02,8.21,2288700
ANGO,25-Jul-2014,14.15,14.45,14.03,14.07,167000
ANIK,25-Jul-2014,47.62,48.07,47.52,47.82,155400
ANIP,25-Jul-2014,30.95,31.31,30.4,30.52,107900
ANSS,25-Jul-2014,76.66,77.67,76.64,77.27,377600
ANTH,25-Jul-2014,24.48,24.48,24.32,24.48,107600
ANY,25-Jul-2014,7.8,7.89,7.12,7.31,150500
AOSL,25-Jul-2014,9.24,9.35,9.1,9.32,180100
APEI,25-Jul-2014,34.12,35.26,34.05,34.61,91900
APOG,25-Jul-2014,33.24,33.49,32.92,33,88000
APRI,25-Jul-2014,19.3,20,19.1,19.7,82500
APWC,25-Jul-2014,2.64,2.64,2.64,2.64,400
AQXP,25-Jul-2014,8,8.11,8,8,5400
ARAY,25-Jul-2014,8.28,8.44,8.18,8.3,544300
ARCB,25-Jul-2014,42.94,42.94,41.94,42.09,155900
ARCC,25-Jul-2014,17.14,17.2,17.13,17.18,1253600
ARCI,25-Jul-2014,4.16,4.42,4.12,4.23,36100
ARCW,25-Jul-2014,15.09,15.11,14.68,14.84,23200
ARDM,25-Jul-2014,8.6,8.6,8.55,8.6,600
ARDX,25-Jul-2014,15.61,15.78,15.16,15.69,55300
AREX,25-Jul-2014,22.58,22.61,21.85,22.02,536100
ARGS,25-Jul-2014,6.83,6.83,6.26,6.47,38900
ARII,25-Jul-2014,67.86,68.88,67.8,67.88,146900
ARKR,25-Jul-2014,21.99,22.39,21.95,22.11,7400
ARLP,25-Jul-2014,49,49,48.54,48.65,570900
ARNA,25-Jul-2014,48.2,48.5,47.3,47.7,6639300
AROW,25-Jul-2014,25.49,25.54,25.35,25.4,23300
ARQL,25-Jul-2014,1.41,1.41,1.38,1.39,134200
ARRS,25-Jul-2014,33.95,34.56,33.45,33.91,2429000
ARRY,25-Jul-2014,4.27,4.29,4.14,4.18,1178400
ARTNA,25-Jul-2014,21.84,21.95,21.51,21.67,18300
ARTW,25-Jul-2014,5.72,5.73,5.71,5.73,600
ARTX,25-Jul-2014,3.64,3.73,3.64,3.7,458600
ARWR,25-Jul-2014,11.36,11.38,11.09,11.24,775500
ASCMA,25-Jul-2014,60.38,61.2,60.28,60.69,44400
ASFI,25-Jul-2014,8.44,8.49,8.39,8.42,2300
ASMB,25-Jul-2014,6.98,7.23,6.98,7.07,24200
ASML,25-Jul-2014,85.87,85.87,84.58,84.97,1080300
ASNA,25-Jul-2014,16.35,16.4,16.11,16.12,656600
ASPS,25-Jul-2014,117.56,119.98,117,118.96,199900
ASRV,25-Jul-2014,3.37,3.37,3.33,3.33,2800
ASRVP,25-Jul-2014,27.47,27.47,27.47,27.47,0
ASTC,25-Jul-2014,3.01,3.02,2.93,2.95,18300
ASTE,25-Jul-2014,39.98,40.35,39.78,40.28,120900
ASUR,25-Jul-2014,5.3,5.34,5.08,5.08,5900
ASYS,25-Jul-2014,10.02,10.4,10.02,10.23,32200
ATAI,25-Jul-2014,4.88,4.98,4.84,4.84,33200
ATAX,25-Jul-2014,5.96,6.02,5.96,5.97,48400
ATEC,25-Jul-2014,16.08,16.56,16.08,16.2,163600
ATHN,25-Jul-2014,131.68,134,131.04,132.04,409000
ATHX,25-Jul-2014,1.68,1.72,1.67,1.68,86300
ATLC,25-Jul-2014,2.74,2.75,2.68,2.74,1300
ATLO,25-Jul-2014,22.51,22.78,22.47,22.5,12500
ATNI,25-Jul-2014,54.21,54.31,53.79,54.09,25900
ATOS,25-Jul-2014,25.2,25.5,24.9,25.05,34100
ATRC,25-Jul-2014,17.75,18.07,16.51,16.97,436900
ATRI,25-Jul-2014,287.8,288,283.1,283.1,2900
ATRO,25-Jul-2014,52.93,52.99,51.12,51.38,112200
ATRS,25-Jul-2014,2.1,2.12,2,2.05,2518000
ATSG,25-Jul-2014,8,8.21,7.97,8,109600
ATTU,25-Jul-2014,7.84,7.93,7.46,7.52,41900
ATVI,25-Jul-2014,23.1,23.38,22.91,22.99,4097600
AUBN,25-Jul-2014,24.92,24.92,24.92,24.92,600
AUDC,25-Jul-2014,7.05,7.11,7,7.07,78100
AVAV,25-Jul-2014,32.99,33.18,32.5,32.58,243900
AVEO,25-Jul-2014,1.2,1.28,1.18,1.25,542600
AVGO,25-Jul-2014,72.28,72.3,69.71,69.92,3685200
AVHI,25-Jul-2014,15.7,15.83,15.5,15.54,37700
AVNW,25-Jul-2014,16.2,16.44,15.12,16.2,647600
AWRE,25-Jul-2014,4.93,5.04,4.81,5,819800
AXAS,25-Jul-2014,5.94,5.97,5.8,5.8,1848400
AXDX,25-Jul-2014,20,20.28,19.58,20.01,137500
AXGN,25-Jul-2014,2.45,2.46,2.43,2.44,30400
AXTI,25-Jul-2014,2.1,2.27,2.08,2.22,186800
AZPN,25-Jul-2014,44.8,45.16,44.26,44.77,380300
BABY,25-Jul-2014,27.25,28.27,27.03,28.11,337000
BANF,25-Jul-2014,60.71,61.48,60.61,60.84,14600
BANFP,25-Jul-2014,27.01,27.01,27.01,27.01,300
BANR,25-Jul-2014,39.43,40.36,39.36,40.08,114400
BANX,25-Jul-2014,25.21,25.21,25.05,25.19,11300
BASI,25-Jul-2014,2.3,2.39,2.3,2.3,5800
BBBY,25-Jul-2014,61.91,62.58,61.68,62.51,2183600
BBGI,25-Jul-2014,6.35,6.83,5.89,6.27,4300
BBOX,25-Jul-2014,22.03,22.6,21.91,22.4,42900
BBRG,25-Jul-2014,15.6,15.79,15.42,15.68,118600
BBSI,25-Jul-2014,51.89,51.89,50.25,51.14,58800
BCBP,25-Jul-2014,13.1,13.16,13.03,13.16,4600
BCOM,25-Jul-2014,18.25,18.25,18.25,18.25,0
BCOR,25-Jul-2014,17.3,17.37,16.95,17.18,438400
BCOV,25-Jul-2014,6.97,7,6.06,6.38,7226900
BCPC,25-Jul-2014,50.83,50.88,49.43,49.52,84800
BCRX,25-Jul-2014,11.98,12.11,11.75,11.76,672300
BDGE,25-Jul-2014,23.31,23.42,23.03,23.03,21800
BDSI,25-Jul-2014,12.5,12.91,12.36,12.81,524900
BEAT,25-Jul-2014,6.66,6.7,6.58,6.68,181100
BECN,25-Jul-2014,28.31,28.62,28.26,28.5,283800
BELFA,25-Jul-2014,22.41,22.41,22.41,22.41,100
BELFB,25-Jul-2014,23,23.23,22.8,23.11,32300
BFIN,25-Jul-2014,10.17,10.35,10.04,10.31,28800
BGCP,25-Jul-2014,7.87,7.95,7.8,7.81,617500
BGFV,25-Jul-2014,11.58,11.58,11.41,11.55,102900
BHBK,25-Jul-2014,12.38,12.4,12.26,12.27,1083800
BIB,25-Jul-2014,45.15,45.625,44.405,45.25,155500
BICK,25-Jul-2014,27.24,27.25,27.18,27.25,2000
BIDU,25-Jul-2014,221.18,226.76,217,226.5,12597400
BIIB,25-Jul-2014,308.3696,310.875,306.5181,308.9867,1068600
BIOC,25-Jul-2014,15.63,16.11,15.45,15.75,8600
BIOL,25-Jul-2014,2.2,2.3,2.18,2.25,153600
BIOS,25-Jul-2014,7.27,7.35,7.24,7.25,723500
BIS,25-Jul-2014,14.32,14.51,14.15,14.25,448600
BJRI,25-Jul-2014,32.31,36.16,31.52,34.98,941200
BKCC,25-Jul-2014,8.88,8.96,8.86,8.95,346900
BKEP,25-Jul-2014,8.99,8.99,8.85,8.92,10800
BKEPP,25-Jul-2014,10.16,10.16,10.16,10.16,0
BKMU,25-Jul-2014,6.14,6.22,6.05,6.18,381100
BKSC,25-Jul-2014,14.68,15,14.68,15,4900
BLDP,25-Jul-2014,4.06,4.15,4,4.14,1465600
BLDR,25-Jul-2014,6.34,6.6,5.95,6,1311000
BLFS,25-Jul-2014,2.85,2.85,2.58,2.58,58400
BLIN,25-Jul-2014,4.25,4.35,4.25,4.35,1500
BLKB,25-Jul-2014,34.22,34.23,33.89,34.03,192300
BLMN,25-Jul-2014,20.06,20.21,19.82,20.19,659700
BLMT,25-Jul-2014,16.91,17,16.76,16.89,8600
BLRX,25-Jul-2014,1.91,1.95,1.91,1.93,31500
BLUE,25-Jul-2014,33.52,33.72,32.78,33.39,292300
BMRC,25-Jul-2014,45.15,45.5,44.22,44.39,8500
BMRN,25-Jul-2014,61.4,61.59,60.08,60.6,955100
BMTC,25-Jul-2014,29.75,29.99,29.55,29.98,41900
BNCL,25-Jul-2014,13.07,13.26,13.07,13.21,84700
BNDX,25-Jul-2014,51.64,51.7,51.61,51.67,307000
BNFT,25-Jul-2014,38.83,39.65,38.15,38.95,156900
BNSO,25-Jul-2014,1.8,1.86,1.71,1.85,6000
BOBE,25-Jul-2014,46.1,46.85,46.1,46.81,371100
BOCH,25-Jul-2014,6.3,6.32,6.25,6.27,24500
BOFI,25-Jul-2014,18.075,18.3175,17.825,18.2525,209200
BOKF,25-Jul-2014,65.13,65.71,64.63,65.53,35000
BOOM,25-Jul-2014,20.97,21.21,20.76,21.13,30400
BOSC,25-Jul-2014,3.69,3.8,3.66,3.69,7700
BOTJ,25-Jul-2014,9.35,9.35,9.35,9.35,600
BPFH,25-Jul-2014,12.72,12.85,12.68,12.7,528600
BPFHP,25-Jul-2014,24.9,24.9,24.76,24.76,1000
BPFHW,25-Jul-2014,6.5,6.5,6.5,6.5,0
BPOP,25-Jul-2014,34,34.03,33.33,33.42,1347800
BPOPM,25-Jul-2014,20.5,20.51,20.45,20.51,2300
BPOPN,25-Jul-2014,21.3,21.33,21.26,21.33,700
BPTH,25-Jul-2014,2.42,2.53,2.34,2.36,150700
BREW,25-Jul-2014,11.25,11.47,11.09,11.13,37700
BRID,25-Jul-2014,7.78,7.78,7.78,7.78,0
BRKL,25-Jul-2014,9.13,9.28,9.1,9.2,179400
BRKR,25-Jul-2014,23.88,24.09,23.73,23.88,362200
BRKS,25-Jul-2014,10.16,10.22,9.92,10.07,396200
BSET,25-Jul-2014,14.77,14.92,14.69,14.7,36400
BSF,25-Jul-2014,8.41,8.64,8.25,8.31,8500
BSFT,25-Jul-2014,24.37,24.71,24.04,24.46,210600
BSPM,25-Jul-2014,9.59,9.73,9.45,9.52,16800
BSQR,25-Jul-2014,3.1,3.19,3.04,3.11,16100
BSRR,25-Jul-2014,15.6,15.88,15.47,15.55,18800
BSTC,25-Jul-2014,25.93,27.23,25.93,26.64,15700
BUR,25-Jul-2014,3.85,3.97,3.85,3.85,8300
BUSE,25-Jul-2014,5.43,5.56,5.41,5.53,131300
BV,25-Jul-2014,7.45,7.63,7.37,7.5,239200
BVSN,25-Jul-2014,9.09,9.29,9.06,9.15,2500
BWEN,25-Jul-2014,9.05,9.1,8.8,8.89,104200
BWFG,25-Jul-2014,17.14,17.15,17,17.11,8400
BWINA,25-Jul-2014,23.52,23.52,23.52,23.52,0
BWINB,25-Jul-2014,24.86,25.14,24.72,24.82,18700
BWLD,25-Jul-2014,160.27,162.68,159.12,162.36,389200
BYBK,25-Jul-2014,4.83,4.83,4.8,4.8,6900
BYFC,25-Jul-2014,2.16,2.19,2.15,2.16,12200
CA,25-Jul-2014,29.78,29.78,29.41,29.53,3231900
CAAS,25-Jul-2014,9.1,9.62,8.9,9.5,184600
CAC,25-Jul-2014,35.28,35.75,35.28,35.51,11800
CACC,25-Jul-2014,118.14,118.89,117.61,117.95,24300
CACG,25-Jul-2014,9.99,10.2,9.95,10.1,16800
CADC,25-Jul-2014,4.3,4.3,4.3,4.3,300
CAKE,25-Jul-2014,43.12,43.53,43.12,43.33,947800
CALD,25-Jul-2014,11.24,11.3,10.89,11.01,327400
CALI,25-Jul-2014,2,2.04,1.93,2.04,27000
CALL,25-Jul-2014,13.92,14.11,13.8,14.01,301400
CALM,25-Jul-2014,39.085,39.795,39.005,39.645,116900
CAMP,25-Jul-2014,17.25,17.35,17.01,17.23,501600
CAMT,25-Jul-2014,3.51,3.54,3.42,3.51,160500
CAR,25-Jul-2014,59.72,59.99,58.96,59.14,542100
CARA,25-Jul-2014,13.28,13.96,13.25,13.67,34000
CARB,25-Jul-2014,10.57,10.74,10.46,10.51,43300
CARO,25-Jul-2014,11.3,11.3,11.29,11.3,1000
CART,25-Jul-2014,4.95,4.95,4.91,4.91,1800
CARV,25-Jul-2014,9.05,9.88,9.05,9.5,14100
CARZ,25-Jul-2014,40.5,40.66,40.36,40.57,10300
CASH,25-Jul-2014,38.3,38.7,37.62,37.66,20200
CASI,25-Jul-2014,1.74,1.83,1.72,1.79,135800
CASM,25-Jul-2014,1.87,1.88,1.8,1.85,16600
CASS,25-Jul-2014,47.19,48.04,46.85,47.32,32000
CASY,25-Jul-2014,67.15,67.45,66.38,66.5,123800
CATM,25-Jul-2014,35.51,36.52,35.51,36.39,529600
CATY,25-Jul-2014,26.27,26.49,25.98,26.04,681300
CATYW,25-Jul-2014,7.07,7.07,7.07,7.07,0
CAVM,25-Jul-2014,46.72,46.93,44.1,44.28,1351800
CBAK,25-Jul-2014,3.52,3.9,3.49,3.85,411300
CBAN,25-Jul-2014,6.34,6.75,6.3,6.44,1400
CBAY,25-Jul-2014,5.77,6.18,5.77,6.03,43400
CBLI,25-Jul-2014,9.2,9.4,8.8,9,163100
CBMG,25-Jul-2014,22.13,27.99,22.08,26.17,44000
CBOE,25-Jul-2014,48.56,48.96,48.14,48.83,461400
CBPO,25-Jul-2014,45.7,46.51,45,45.55,59100
CBRL,25-Jul-2014,97.33,98.2,97.11,97.77,85700
CBSH,25-Jul-2014,45.49,45.93,45.16,45.84,314900
CBSHP,25-Jul-2014,25.05,25.74,24.96,25.21,70900
CCBG,25-Jul-2014,13.45,13.47,13.35,13.41,19300
CCCR,25-Jul-2014,3.73,3.73,2.39,2.55,528500
CCIH,25-Jul-2014,13.35,13.58,13.05,13.09,129400
CCMP,25-Jul-2014,40.01,40.47,39.2,39.81,325500
CCNE,25-Jul-2014,16.7,16.75,16.49,16.53,14500
CCOI,25-Jul-2014,34.75,35.14,34.66,35.03,274900
CCRN,25-Jul-2014,6.74,6.91,6.68,6.86,173200
CCUR,25-Jul-2014,7.36,7.48,7.33,7.41,19300
CCXI,25-Jul-2014,5.44,5.71,5.44,5.64,65900
CDC,25-Jul-2014,34.82,34.82,34.73,34.74,3600
CDNA,25-Jul-2014,9.87,10.01,9.87,10,20200
CDNS,25-Jul-2014,17.23,17.27,16.84,16.88,2278200
CDTI,25-Jul-2014,11.5,12.15,11.3,11.85,136100
CDW,25-Jul-2014,31.29,31.29,30.92,31.01,167100
CDXS,25-Jul-2014,1.92,1.98,1.9,1.95,326200
CDZI,25-Jul-2014,9.33,9.35,9.29,9.35,11800
CECE,25-Jul-2014,14.3,14.41,14.03,14.08,105000
CECO,25-Jul-2014,5,5.07,4.97,5.04,397300
CELG,25-Jul-2014,86.26,87.46,85.88,87.16,3544300
CELGZ,25-Jul-2014,2.62,2.62,2.36,2.5,8800
CEMI,25-Jul-2014,3.42,3.42,3.4,3.42,2000
CENT,25-Jul-2014,8.81,8.83,8.55,8.58,25000
CENTA,25-Jul-2014,8.96,9.11,8.81,8.84,104000
CENX,25-Jul-2014,18.36,18.36,18.06,18.13,640100
CERN,25-Jul-2014,55.95,57.59,55.59,56.85,2409600
CERS,25-Jul-2014,3.73,3.77,3.59,3.64,612100
CETV,25-Jul-2014,2.46,2.48,2.4,2.46,339600
CEVA,25-Jul-2014,14.4,14.45,14.18,14.23,90000
CFA,25-Jul-2014,34.87,34.87,34.87,34.87,0
CFBK,25-Jul-2014,1.42,1.47,1.41,1.43,32000
CFFI,25-Jul-2014,34.83,35.5,33.98,34.4,41600
CFFN,25-Jul-2014,11.77,11.87,11.76,11.84,558900
CFO,25-Jul-2014,34.83,34.83,34.76,34.77,3200
CG,25-Jul-2014,35.25,35.25,33.96,34.47,216500
CGEN,25-Jul-2014,8.62,8.71,8.51,8.54,109700
CGIX,25-Jul-2014,10.75,11.47,10.35,11.21,64000
CGNX,25-Jul-2014,38.2,38.35,37.68,37.96,604000
CGO,25-Jul-2014,14.69,14.72,14.65,14.71,10200
CHCI,25-Jul-2014,1.16,1.17,1.13,1.15,11700
CHCO,25-Jul-2014,42.6,43.16,42.41,42.44,34600
CHDN,25-Jul-2014,86.45,87,85.95,86.28,40200
CHEF,25-Jul-2014,17.83,17.86,17.58,17.63,131800
CHFC,25-Jul-2014,27.78,28.14,27.78,28.08,107500
CHFN,25-Jul-2014,10.94,11.01,10.94,10.98,65400
CHI,25-Jul-2014,13.96,14,13.91,13.95,105900
CHKE,25-Jul-2014,16.43,16.5,16.37,16.44,6500
CHKP,25-Jul-2014,67.57,68.65,67.57,68.48,1712100
CHMG,25-Jul-2014,28.56,28.97,28.56,28.57,1300
CHNR,25-Jul-2014,3.88,3.94,3.76,3.94,15800
CHRW,25-Jul-2014,66.44,66.69,66.08,66.21,746300
CHSCN,25-Jul-2014,27.65,27.7,27.54,27.55,19200
CHSCO,25-Jul-2014,29.6,29.6,29.5,29.59,9000
CHSCP,25-Jul-2014,31.59,31.59,31.53,31.59,8200
CHTR,25-Jul-2014,163.79,164,162.03,162.35,514800
CHUY,25-Jul-2014,27.7,28.46,27.45,28.24,145900
CHW,25-Jul-2014,9.91,9.92,9.86,9.88,132000
CHY,25-Jul-2014,14.84,14.84,14.72,14.82,127000
CIDM,25-Jul-2014,25.2,25.4,24.5,24.5,185400
CINF,25-Jul-2014,47.85,47.87,47.56,47.71,386000
CIZN,25-Jul-2014,18.73,19.18,18.7,18.7,500
CJJD,25-Jul-2014,1.54,1.64,1.54,1.56,95400
CLCT,25-Jul-2014,19.5,19.97,19.5,19.66,52100
CLDX,25-Jul-2014,14.07,14.12,13.46,13.57,1840800
CLFD,25-Jul-2014,13.34,13.38,12.96,13.23,244900
CLIR,25-Jul-2014,8.1,8.3,8.03,8.12,20600
CLMT,25-Jul-2014,32.95,33.22,32.77,33.03,219900
CLNE,25-Jul-2014,10.3,10.37,10.11,10.14,1012300
CLNT,25-Jul-2014,5.7,5.7,5.55,5.61,8300
CLRO,25-Jul-2014,9.55,9.92,9.55,9.77,13100
CLSN,25-Jul-2014,3.4,3.43,3.28,3.39,187300
CLUB,25-Jul-2014,6.17,6.31,6.15,6.16,70200
CLVS,25-Jul-2014,36.68,37.77,36.5,37.68,274600
CLWT,25-Jul-2014,4.51,4.85,4.47,4.8,32500
CMCO,25-Jul-2014,26.21,26.21,25.62,25.67,120000
CMCSA,25-Jul-2014,27.57,27.605,27.115,27.195,9967600
CMCT,25-Jul-2014,21.8,21.8,21.61,21.61,3800
CME,25-Jul-2014,75.03,75.59,74.5,75.05,1706700
CMFN,25-Jul-2014,14.09,14.35,13.81,13.96,33800
CMRX,25-Jul-2014,22.16,22.66,22.07,22.46,213400
CMTL,25-Jul-2014,35.38,35.46,35.03,35.22,80100
CNAT,25-Jul-2014,7.9,8.02,7.62,7.82,309900
CNBKA,25-Jul-2014,36.23,36.23,35.15,35.17,4700
CNCE,25-Jul-2014,8.6,8.73,8.43,8.64,99300
CNET,25-Jul-2014,0.74,0.74,0.7,0.72,4200
CNIT,25-Jul-2014,5.06,5.2,4.95,5.05,122900
CNMD,25-Jul-2014,39.2,39.4,38.33,39.34,439000
CNOB,25-Jul-2014,19.76,20.09,19.62,20,90900
CNSL,25-Jul-2014,21.36,21.42,21.12,21.27,193000
CNTF,25-Jul-2014,7.55,7.65,7.45,7.45,21800
CNTY,25-Jul-2014,5.25,5.38,5.21,5.29,44600
COBZ,25-Jul-2014,11.34,11.48,11.32,11.4,89600
COHR,25-Jul-2014,59.32,59.81,58.89,59.23,74600
COHU,25-Jul-2014,10.75,10.75,10.52,10.55,70700
COKE,25-Jul-2014,70.5,71,70.5,70.88,14400
COLB,25-Jul-2014,25.71,26.18,25.71,26.15,246500
COLM,25-Jul-2014,39.165,41.125,37.335,37.89,428400
COMM,25-Jul-2014,22.94,23.46,22.77,23.4,1066900
CONE,25-Jul-2014,26.18,26.46,25.98,26.16,511200
CONN,25-Jul-2014,40.92,41.5,40.6,40.81,498300
COOL,25-Jul-2014,11.22,11.76,11.1,11.4,19500
CORE,25-Jul-2014,23.07,23.43,23.07,23.285,75100
CORI,25-Jul-2014,6.9,6.98,6.9,6.96,1600
CORT,25-Jul-2014,2.39,2.47,2.29,2.41,157200
COST,25-Jul-2014,117.96,118.03,117.07,117.55,1549300
COWN,25-Jul-2014,4.22,4.27,4.17,4.18,621700
CPAH,25-Jul-2014,11.5,12.3,11.3,12.2,146100
CPHC,25-Jul-2014,10.12,10.12,9.94,9.94,2100
CPIX,25-Jul-2014,4.57,4.65,4.52,4.55,15400
CPLA,25-Jul-2014,58.53,59.07,57.17,57.34,60900
CPLP,25-Jul-2014,11.56,11.56,11.05,11.13,231400
CPRT,25-Jul-2014,17.515,17.59,17.335,17.355,188500
CPRX,25-Jul-2014,2.35,2.4,2.3,2.39,147200
CPSI,25-Jul-2014,64.38,65.61,63.76,65.09,83200
CPSS,25-Jul-2014,6.9,6.95,6.53,6.72,874800
CPST,25-Jul-2014,27.6,28,27.2,27.4,1665500
CPTA,25-Jul-2014,18.9,19,18.9,18.96,17300
CRAI,25-Jul-2014,23.72,23.96,23.72,23.82,26000
CRAY,25-Jul-2014,29.03,29.03,28.23,28.29,226400
CREE,25-Jul-2014,48.59,48.6,47.7,48.02,1028400
CREG,25-Jul-2014,15.4,15.8,15.1,15.7,119800
CRESY,25-Jul-2014,12.66,12.75,12.25,12.59,77800
CRIS,25-Jul-2014,1.79,1.81,1.76,1.8,487200
CRME,25-Jul-2014,6.7,6.83,6.51,6.68,49400
CRMT,25-Jul-2014,36.5,36.8,36.29,36.39,19000
CRNT,25-Jul-2014,2.41,2.44,2.34,2.41,212600
CROX,25-Jul-2014,16.22,16.35,16.05,16.26,1100700
CRTO,25-Jul-2014,31.17,31.42,30.8,30.9,147500
CRUS,25-Jul-2014,23.84,23.84,23.2,23.35,2348900
CRVL,25-Jul-2014,42.94,43.11,42.51,42.55,19500
CRWS,25-Jul-2014,7.7,7.75,7.22,7.58,146100
CRZO,25-Jul-2014,66.83,66.94,66.15,66.35,406100
CSBK,25-Jul-2014,12.15,12.18,12.07,12.15,75800
CSCO,25-Jul-2014,25.8,26.02,25.68,25.97,28641200
CSFL,25-Jul-2014,10.81,11.07,10.6,10.7,281400
CSGP,25-Jul-2014,154.73,154.73,148.16,151.02,450800
CSGS,25-Jul-2014,26.74,26.88,26.57,26.71,105000
CSII,25-Jul-2014,27.47,27.57,27.02,27.45,91100
CSIQ,25-Jul-2014,27.68,28.18,27.46,27.65,1752200
CSOD,25-Jul-2014,41.5,42.52,41.06,41.53,823900
CSPI,25-Jul-2014,7.93,7.93,7.51,7.72,18900
CSQ,25-Jul-2014,12.02,12.04,11.86,11.93,232600
CSTE,25-Jul-2014,46.5,46.54,45.82,45.95,125000
CSWC,25-Jul-2014,36.44,36.6,35.69,36.48,28900
CSX,25-Jul-2014,31.07,31.26,30.93,31,3554700
CTAS,25-Jul-2014,64.01,64.29,63.37,63.52,351400
CTBI,25-Jul-2014,34.5,34.55,34.25,34.38,29000
CTG,25-Jul-2014,14.74,14.85,14.63,14.71,34900
CTHR,25-Jul-2014,2.06,2.1,2.06,2.08,31200
CTIB,25-Jul-2014,4.67,4.67,4.45,4.47,20800
CTIC,25-Jul-2014,26.5,26.5,25.9,25.9,859000
CTRE,25-Jul-2014,17.5,17.72,17.5,17.68,103900
CTRL,25-Jul-2014,16.61,17.37,16.45,17.12,240200
CTRN,25-Jul-2014,20.32,20.35,19.95,20.15,84900
CTRP,25-Jul-2014,31.28,33.615,30.78,33.5,2609800
CTSH,25-Jul-2014,50.72,51.26,50.53,51.12,2239300
CTWS,25-Jul-2014,32.28,32.39,32.17,32.23,21200
CTXS,25-Jul-2014,53.0812,54.4586,52.8981,53.6385,3592300
CUBA,25-Jul-2014,8.22,8.22,8.14,8.2,3300
CUI,25-Jul-2014,6.9,7.15,6.65,6.81,97900
CUTR,25-Jul-2014,9.98,10.03,9.87,9.97,24100
CVBF,25-Jul-2014,15.42,15.67,15.36,15.56,363700
CVCO,25-Jul-2014,75.88,76.75,75.35,76.44,33800
CVCY,25-Jul-2014,12.55,12.55,12.4,12.5,13200
CVGI,25-Jul-2014,10.3,10.34,9.95,10.03,81000
CVGW,25-Jul-2014,34.63,34.93,34.41,34.85,42600
CVLT,25-Jul-2014,47.99,48.32,47.75,48.04,666200
CVLY,25-Jul-2014,20.8,21,20.8,21,700
CVTI,25-Jul-2014,13.9,13.9,12.59,13.57,20800
CVV,25-Jul-2014,13.12,13.48,13.1,13.48,4400
CWAY,25-Jul-2014,11.1,11.2,11.1,11.19,9000
CWBC,25-Jul-2014,6.75,6.8,6.7,6.7,5500
CWCO,25-Jul-2014,10.49,10.71,10.46,10.59,98500
CWST,25-Jul-2014,4.94,4.99,4.85,4.86,91000
CXDC,25-Jul-2014,6.12,6.24,6.07,6.11,224100
CY,25-Jul-2014,10.46,10.51,10.03,10.21,2523200
CYAN,25-Jul-2014,4.7,4.87,4.7,4.72,700
CYBE,25-Jul-2014,8.45,8.53,8.45,8.5,18600
CYCC,25-Jul-2014,37.32,37.44,36.6,37.32,66700
CYCCP,25-Jul-2014,8.24,8.24,8.24,8.24,0
CYHHZ,25-Jul-2014,0.06,0.06,0.05,0.05,114700
CYOU,25-Jul-2014,24.44,24.88,23.5,23.95,348300
CYRN,25-Jul-2014,2.3,2.4,1.91,2.28,495900
CYTK,25-Jul-2014,4.25,4.32,4.16,4.24,626700
CYTR,25-Jul-2014,3.45,3.45,3.35,3.39,666200
CYTX,25-Jul-2014,31.8,32.4,31.5,31.8,200900
CYTXW,25-Jul-2014,0.31,0.33,0.3,0.33,2800
CZFC,25-Jul-2014,10.65,10.65,10.65,10.65,200
CZNC,25-Jul-2014,18.67,18.79,18.5,18.6,26000
CZR,25-Jul-2014,16.75,16.86,16.5,16.72,632200
CZWI,25-Jul-2014,8.9,9.14,8.88,8.96,3400
DAIO,25-Jul-2014,3.04,3.04,2.95,2.95,7100
DAKT,25-Jul-2014,11.53,11.81,11.5,11.75,231000
DAVE,25-Jul-2014,25.55,25.88,25.28,25.65,48100
DCIX,25-Jul-2014,19.84,19.92,19.52,19.6,165900
DCOM,25-Jul-2014,15.31,15.78,15.31,15.42,134900
DENN,25-Jul-2014,6.24,6.32,6.21,6.29,667700
DEPO,25-Jul-2014,11.68,11.78,11.53,11.74,348500
DEST,25-Jul-2014,22.7,23.19,22.46,22.62,109500
DFRG,25-Jul-2014,21.93,22.07,21.45,21.73,369100
DFVS,25-Jul-2014,38.96,38.96,38.96,38.96,100
DGICA,25-Jul-2014,15,15.39,15,15.11,16500
DGICB,25-Jul-2014,24.25,24.25,24.25,24.25,200
DGII,25-Jul-2014,8.41,8.91,8.03,8.06,153200
DGLD,25-Jul-2014,62.74,62.74,60.84,60.85,40200
DGLY,25-Jul-2014,4.75,4.84,4.21,4.45,224000
DGRE,25-Jul-2014,27.59,27.59,27.4,27.48,4200
DGRS,25-Jul-2014,27.76,27.84,27.76,27.81,700
DGRW,25-Jul-2014,29.31,29.34,29.3,29.34,8300
DHIL,25-Jul-2014,131.2,132.15,130.67,130.67,3900
DIOD,25-Jul-2014,27.34,27.34,25.48,25.71,522300
DISCA,25-Jul-2014,82.92,83.57,82.45,82.88,1227200
DISCB,25-Jul-2014,84.32,84.32,84.32,84.32,0
DISCK,25-Jul-2014,40.505,40.825,40.405,40.765,270600
DISH,25-Jul-2014,63.34,63.74,62.9,63.02,879100
DJCO,25-Jul-2014,176.66,177.95,176.66,177.95,2600
DLBS,25-Jul-2014,27.58,27.58,27.43,27.47,3000
DLHC,25-Jul-2014,1.96,2.01,1.85,1.9,4100
DLTR,25-Jul-2014,54.84,54.94,54.13,54.22,793200
DMLP,25-Jul-2014,33.82,33.84,33.21,33.79,79200
DMRC,25-Jul-2014,26.83,26.85,25.26,25.53,72500
DNBF,25-Jul-2014,21.3,21.3,21.05,21.05,22300
DNKN,25-Jul-2014,41.84,42.69,41.8,42.13,2363300
DORM,25-Jul-2014,47.48,48.45,47.48,48.38,243700
DOX,25-Jul-2014,47.59,48.1,47.58,47.81,574700
DRAD,25-Jul-2014,3.34,3.35,3.3,3.31,30100
DRNA,25-Jul-2014,14.77,15.42,14.36,15.26,350500
DRRX,25-Jul-2014,1.52,1.52,1.5,1.52,156700
DRYS,25-Jul-2014,5140800,5140800,5040000,5124000,3288100
DSGX,25-Jul-2014,13.78,13.81,13.51,13.61,42000
DSLV,25-Jul-2014,40.22,40.31,38.32,38.43,67400
DSPG,25-Jul-2014,8.54,8.54,8.4,8.42,42900
DSWL,25-Jul-2014,2.12,2.15,2.1,2.14,5900
DTUS,25-Jul-2014,38.01,38.01,38.01,38.01,300
DTYS,25-Jul-2014,26.54,26.62,26.35,26.41,21200
DVAX,25-Jul-2014,14.1,14.1,13.6,13.8,967500
DVCR,25-Jul-2014,6.75,6.75,6.56,6.73,1600
DWCH,25-Jul-2014,13.51,14.25,13.08,14.18,205200
DWSN,25-Jul-2014,26.05,26.07,25.9,25.91,32300
DXCM,25-Jul-2014,38.03,39.29,37.86,39.05,763100
DXGE,25-Jul-2014,27.14,27.23,27.14,27.23,4700
DXJS,25-Jul-2014,30.87,30.89,30.71,30.79,3500
DXLG,25-Jul-2014,5.21,5.25,5.14,5.16,83700
DXPE,25-Jul-2014,71.85,73.62,71.51,72.15,115100
DXPS,25-Jul-2014,26.21,26.27,26.15,26.15,35300
DXYN,25-Jul-2014,9.03,9.16,8.79,8.87,161300
DYNT,25-Jul-2014,4.07,4.15,3.99,4.15,23600
DYSL,25-Jul-2014,1.65,1.69,1.65,1.68,5700
EA,25-Jul-2014,36.48,36.66,35.89,36.04,4059600
EAGLU,25-Jul-2014,10.33,10.76,10.29,10.68,30400
EBAY,25-Jul-2014,22.2232,22.3579,22.1221,22.2105,11251000
EBIO,25-Jul-2014,10.92,11.25,9.58,9.87,78700
EBIX,25-Jul-2014,12.58,12.85,12.56,12.72,411500
EBMT,25-Jul-2014,10.74,10.83,10.55,10.79,4000
EBSB,25-Jul-2014,10.5229,10.6209,10.4902,10.5106,74000
EBTC,25-Jul-2014,19.16,19.51,18.78,19.35,12500
ECHO,25-Jul-2014,22,22.3,21.25,21.88,639000
ECOL,25-Jul-2014,46.8,47.06,46.42,46.44,163400
ECPG,25-Jul-2014,42.42,43,42.42,42.84,132600
ECYT,25-Jul-2014,6.25,6.35,6.17,6.3,534700
EDAP,25-Jul-2014,4.8,5.08,4.74,4.88,545200
EDGW,25-Jul-2014,6.97,7,6.93,6.97,9800
EDUC,25-Jul-2014,4.83,4.85,4.75,4.85,5100
EEFT,25-Jul-2014,46.97,47.24,45.68,46.28,297600
EEI,25-Jul-2014,10.78,10.78,10.57,10.77,3600
EEMA,25-Jul-2014,61.91,61.91,61.46,61.48,5100
EFII,25-Jul-2014,45.45,45.65,45,45.12,184100
EFSC,25-Jul-2014,17.76,17.76,17.32,17.5,35800
EGAN,25-Jul-2014,6.5,6.54,6.45,6.49,24500
EGBN,25-Jul-2014,33.24,33.38,33,33.25,92400
EGLE,25-Jul-2014,676.8,676.8,637.2,648,325400
EGLT,25-Jul-2014,11.34,11.95,10.93,11.8,55900
EGOV,25-Jul-2014,16.27,16.53,16.21,16.49,357400
EGRX,25-Jul-2014,12.45,12.76,12.38,12.66,42500
EHTH,25-Jul-2014,31.06,31.44,30.8,31.05,249100
EIGI,25-Jul-2014,13.92,14.19,13.83,13.97,110700
ELGX,25-Jul-2014,14.11,14.44,13.94,13.96,381600
ELON,25-Jul-2014,22.8,23,22.7,22.9,107000
ELSE,25-Jul-2014,4.1,4.14,4.1,4.14,1000
ELTK,25-Jul-2014,1.61,1.75,1.61,1.63,70900
EMCB,25-Jul-2014,78.18,78.18,77.88,78.18,2000
EMCF,25-Jul-2014,25.74,25.74,25.74,25.74,100
EMCG,25-Jul-2014,26.57,26.57,26.57,26.57,100
EMCI,25-Jul-2014,20.64,20.7333,20.3667,20.6,24700
EMIF,25-Jul-2014,36.42,36.56,36.37,36.41,14400
EMITF,25-Jul-2014,12,12,11.4,12,222300
EMKR,25-Jul-2014,3.95,4,3.95,3.99,41700
EML,25-Jul-2014,16.16,16.45,16.16,16.24,3100
EMMS,25-Jul-2014,10.52,10.84,10.36,10.48,99000
ENDP,25-Jul-2014,69.19,69.26,68.39,68.53,1205700
ENG,25-Jul-2014,3.1,3.1,3.04,3.06,31600
ENPH,25-Jul-2014,11.53,11.6,11.27,11.43,241800
ENSG,25-Jul-2014,16.455,16.455,16.09,16.315,83900
ENT,25-Jul-2014,10.56,10.79,10.39,10.48,239400
ENTA,25-Jul-2014,38.5,39.57,38.26,39.24,124600
ENTG,25-Jul-2014,12.58,12.63,12.03,12.42,2260100
ENZY,25-Jul-2014,14.74,15.23,14.58,15.15,79100
EPAY,25-Jul-2014,27.75,27.9,27.4,27.55,169400
EPZM,25-Jul-2014,33.25,33.48,32.22,33.14,280600
EQIX,25-Jul-2014,215.9,218.53,215.61,218.01,885400
ERIC,25-Jul-2014,12.75,12.79,12.7,12.77,1974200
ERIE,25-Jul-2014,73.24,73.92,72.71,72.86,39300
ERII,25-Jul-2014,4.52,4.6,4.49,4.58,149500
ESBK,25-Jul-2014,22.25,22.25,22.25,22.25,200
ESCA,25-Jul-2014,16.41,16.5,16.17,16.3,23800
ESEA,25-Jul-2014,1.15,1.15,1.14,1.14,7000
ESGR,25-Jul-2014,141.5,141.87,138.78,139.09,21000
ESIO,25-Jul-2014,6.12,6.12,6.03,6.06,469400
ESLT,25-Jul-2014,63.58,63.75,62.72,63.01,27000
ESPR,25-Jul-2014,14.14,14.25,13.9,13.92,30700
ESRX,25-Jul-2014,66.15,66.38,65.47,66.35,4357100
ESSA,25-Jul-2014,11.65,11.78,11.54,11.71,12400
ESXB,25-Jul-2014,4.39,4.4,4.35,4.37,28400
ETFC,25-Jul-2014,20.71,20.87,20.36,20.38,3988300
EUFN,25-Jul-2014,24.74,24.8,24.62,24.76,78600
EVEP,25-Jul-2014,38.04,38.13,37.81,38.03,139300
EVK,25-Jul-2014,5.12,5.25,5.06,5.2,9500
EVOK,25-Jul-2014,6.97,7,6.57,6.99,11500
EVOL,25-Jul-2014,9.96,10.08,9.9,10.02,93700
EWBC,25-Jul-2014,35.24,35.71,35.11,35.16,843500
EXAC,25-Jul-2014,23,23,22,22.25,60400
EXAS,25-Jul-2014,16.4,16.4,15.98,15.99,780700
EXEL,25-Jul-2014,4.1,4.3,4.07,4.19,6997700
EXFO,25-Jul-2014,4.53,4.6,4.5,4.53,15000
EXLS,25-Jul-2014,29.91,30.09,29.54,29.82,142700
EXPD,25-Jul-2014,45.57,45.74,45.39,45.42,936000
EXPE,25-Jul-2014,79.95,80.26,79.48,79.67,1146000
EXPO,25-Jul-2014,37.66,37.985,37.125,37.41,49200
EXTR,25-Jul-2014,4.92,4.99,4.77,4.79,1578500
EXXI,25-Jul-2014,21.39,21.5,21.11,21.15,784800
EZPW,25-Jul-2014,9.75,9.75,9.49,9.55,384400
FANG,25-Jul-2014,86.96,87.38,85.23,85.7,984100
FARM,25-Jul-2014,21.72,21.81,21.4,21.4,19400
FARO,25-Jul-2014,45.86,46.57,45.35,45.9,80400
FAST,25-Jul-2014,44.93,45.2,44.8,45.15,1681400
FATE,25-Jul-2014,6.47,6.48,6.22,6.28,20300
FB,25-Jul-2014,74.99,75.67,74.66,75.19,45917400
FBIZ,25-Jul-2014,43.16,43.24,41.6,42.2,25400
FBMS,25-Jul-2014,14.27,14.27,14.27,14.27,0
FBNC,25-Jul-2014,16.61,16.86,16.39,16.45,29300
FBNK,25-Jul-2014,15,15.17,14.95,15.12,23800
FBSS,25-Jul-2014,15.7,16,15.25,15.7,2400
FCAP,25-Jul-2014,21.2,21.2,21,21,1300
FCBC,25-Jul-2014,13.75,13.88,13.56,13.57,37300
FCCO,25-Jul-2014,10.72,10.75,10.66,10.68,5200
FCCY,25-Jul-2014,10.2,10.2,10.2,10.2,0
FCEL,25-Jul-2014,27.96,29.04,27.6,28.44,4473800
FCNCA,25-Jul-2014,225,225.93,224,225.11,21200
FDEF,25-Jul-2014,27.12,27.66,27,27.3,23600
FDUS,25-Jul-2014,18.92,19.06,18.81,18.93,87300
FEIM,25-Jul-2014,10.92,10.92,10.9,10.9,1000
FELE,25-Jul-2014,38.08,38.78,38.08,38.67,174600
FEYE,25-Jul-2014,36.18,37.39,36.11,37.15,1944200
FFBC,25-Jul-2014,16.02,16.76,16.02,16.59,192500
FFBCW,25-Jul-2014,5.47,5.47,5.47,5.47,0
FFHL,25-Jul-2014,1.2,1.29,1.19,1.24,31800
FFIC,25-Jul-2014,19.04,19.37,19.04,19.26,65900
FFIN,25-Jul-2014,29.63,30.06,29.63,29.77,117600
FFIV,25-Jul-2014,113.08,113.37,112.18,112.41,980600
FFKT,25-Jul-2014,22.86,23.5,22.86,23.29,25700
FFNW,25-Jul-2014,10.75,10.88,10.75,10.82,45100
FIBK,25-Jul-2014,26.01,26.32,26.01,26.17,87300
FINL,25-Jul-2014,26.99,27.18,26.56,26.62,365600
FISI,25-Jul-2014,21.9,22.59,21.9,22.53,31900
FISV,25-Jul-2014,62.66,62.88,62.46,62.67,540400
FITB,25-Jul-2014,20.95,21.28,20.94,21.18,10398200
FITBI,25-Jul-2014,27.12,27.2,27.12,27.17,4800
FIVE,25-Jul-2014,35.55,35.77,35.31,35.41,441400
FIVN,25-Jul-2014,7.24,7.98,7.24,7.81,187400
FIZZ,25-Jul-2014,17.88,17.93,17.52,17.59,22400
FLAT,25-Jul-2014,59.51,59.51,59.51,59.51,100
FLDM,25-Jul-2014,28.02,28.32,27.38,27.43,349300
FLEX,25-Jul-2014,11.12,11.12,10.63,10.84,4806000
FLIC,25-Jul-2014,24.0533,24.4,23.9333,23.9667,17500
FLIR,25-Jul-2014,34.5,34.71,34.22,34.63,1345000
FLL,25-Jul-2014,1.43,1.45,1.4,1.42,64400
FLWS,25-Jul-2014,5.35,5.38,5.28,5.28,60700
FLXN,25-Jul-2014,12.86,12.9,12.09,12.39,40500
FLXS,25-Jul-2014,31.54,32.75,31.54,31.56,13800
FMB,25-Jul-2014,49.93,49.93,49.93,49.93,0
FMBH,25-Jul-2014,20.5,20.5,20.5,20.5,100
FMBI,25-Jul-2014,16.52,16.7,16.45,16.5,296600
FMI,25-Jul-2014,27.11,27.22,26.03,26.3,234500
FMNB,25-Jul-2014,7.15,7.6,7.15,7.6,11000
FNGN,25-Jul-2014,37.01,37.22,36.5,36.97,355400
FNHC,25-Jul-2014,23.16,23.16,22.5,22.61,98700
FNJN,25-Jul-2014,3.84,3.84,3.25,3.42,31300
FNLC,25-Jul-2014,16.4,16.42,16.35,16.4,13100
FNSR,25-Jul-2014,19.98,20.09,19.78,19.85,1327900
FOLD,25-Jul-2014,4.3,4.74,4.3,4.45,3476100
FONE,25-Jul-2014,38.31,38.31,38.03,38.04,1700
FONR,25-Jul-2014,11.6,11.65,11.35,11.44,56800
FORD,25-Jul-2014,1.4,1.41,1.37,1.41,6900
FORM,25-Jul-2014,7.16,7.16,6.91,6.94,238100
FORR,25-Jul-2014,37.88,38.3,37.81,37.82,37400
FORTY,25-Jul-2014,28.5,28.5,28.5,28.5,0
FOSL,25-Jul-2014,102.25,104.5,100.85,100.98,658000
FOX,25-Jul-2014,32.97,33.16,32.5,32.57,7643200
FOXA,25-Jul-2014,33.47,33.49,32.78,32.81,18561100
FOXF,25-Jul-2014,15.59,15.68,15.32,15.51,180700
FPRX,25-Jul-2014,13.06,13.15,12.76,12.95,117800
FRAN,25-Jul-2014,13.57,13.59,13.02,13.08,1049200
FRBA,25-Jul-2014,6.06,6.17,6,6.03,27500
FRBK,25-Jul-2014,4.48,4.61,4.43,4.59,80000
FRED,25-Jul-2014,15.73,15.96,15.51,15.57,148000
FRGI,25-Jul-2014,44.04,44.66,43.58,44.47,292400
FRME,25-Jul-2014,20.05,20.24,19.82,19.99,90900
FRSH,25-Jul-2014,8.98,8.98,8.71,8.86,68300
FSBW,25-Jul-2014,17,17.19,16.97,17.19,1200
FSFG,25-Jul-2014,24.57,24.57,24.25,24.25,1700
FSLR,25-Jul-2014,63.17,64.42,62.84,64.05,2376900
FSNN,25-Jul-2014,4.77,4.77,4.77,4.77,0
FSTR,25-Jul-2014,50.26,50.62,49.26,49.51,30700
FTCS,25-Jul-2014,35.52,35.52,35.39,35.39,4500
FTD,25-Jul-2014,29.79,30.07,29.7,29.89,100000
FTEK,25-Jul-2014,5.03,5.06,5,5.01,76800
FTGC,25-Jul-2014,32.2,32.46,32.17,32.46,70600
FTHI,25-Jul-2014,20.37,20.43,20.36,20.38,17700
FTLB,25-Jul-2014,20.26,20.34,20.25,20.27,13900
FTNT,25-Jul-2014,25.63,25.9,25.38,25.52,3786900
FTR,25-Jul-2014,5.94,5.95,5.85,5.87,3589000
FTSL,25-Jul-2014,49.5,49.69,49.5,49.65,26500
FULT,25-Jul-2014,11.31,11.49,11.3,11.42,1830200
FUNC,25-Jul-2014,8.53,8.75,8.52,8.55,1600
FUND,25-Jul-2014,8.43,8.55,8.4,8.44,7700
FV,25-Jul-2014,19.89,19.89,19.69,19.73,322500
FWRD,25-Jul-2014,46.92,46.92,46.06,46.27,147900
GABC,25-Jul-2014,17.4133,17.76,17.32,17.34,18400
GAIA,25-Jul-2014,6.76,6.84,6.66,6.72,35000
GAIN,25-Jul-2014,7.43,7.49,7.39,7.44,144700
GALE,25-Jul-2014,58.2,58.8,56.6,58.8,1657000
GALT,25-Jul-2014,14.03,16.55,13.95,15.32,1804900
GARS,25-Jul-2014,14.43,14.45,14.38,14.41,81400
GASS,25-Jul-2014,10.83,10.87,10.68,10.7,34500
GBCI,25-Jul-2014,26.02,27.13,26.02,27.03,234300
GBDC,25-Jul-2014,17.35,17.44,17.26,17.3,124600
GBLI,25-Jul-2014,25,25.3,25,25.01,20700
GBNK,25-Jul-2014,13.15,13.85,12.93,13.05,45400
GCBC,25-Jul-2014,13.175,13.175,13.175,13.175,0
GCVRZ,25-Jul-2014,0.46,0.49,0.46,0.48,43200
GENC,25-Jul-2014,7.3133,7.4,7.3133,7.34,1200
GENE,25-Jul-2014,4.75,4.75,4.45,4.55,65500
GEOS,25-Jul-2014,43.3,44.01,43.06,43.89,160300
GERN,25-Jul-2014,2.51,2.53,2.4,2.42,2495500
GEVO,25-Jul-2014,168,216,168,201,2115900
GFED,25-Jul-2014,12.5,12.5,12.4,12.5,5500
GFN,25-Jul-2014,9.3,9.32,9.09,9.21,42700
GFNCP,25-Jul-2014,107.58,109,107.58,109,700
GFNSL,25-Jul-2014,26.2,26.2,25.7,25.8,5300
GGAL,25-Jul-2014,15.43,15.47,14.67,14.78,705900
GHDX,25-Jul-2014,26.45,26.77,26.15,26.73,92500
GIFI,25-Jul-2014,20.09,21.32,19.25,19.25,53700
GIGM,25-Jul-2014,5.25,5.45,5.25,5.35,61000
GIII,25-Jul-2014,40.645,41.055,39.76,39.82,149600
GILD,25-Jul-2014,90.68,90.78,88.7,89.84,13067000
GILT,25-Jul-2014,4.64,4.71,4.56,4.66,19600
GLAD,25-Jul-2014,10.07,10.16,10.05,10.14,66400
GLBS,25-Jul-2014,12.36,12.88,12.2,12.68,9200
GLBZ,25-Jul-2014,13.21,13.21,13.21,13.21,0
GLDD,25-Jul-2014,7.13,7.24,7.05,7.2,566500
GLDI,25-Jul-2014,13.57,13.66,13.55,13.65,10100
GLMD,25-Jul-2014,7.25,7.95,7.1,7.63,54000
GLNG,25-Jul-2014,60.99,62.94,60.56,62.79,1659500
GLPI,25-Jul-2014,35.02,35.09,34.8,34.86,511100
GLRE,25-Jul-2014,33.68,33.85,33.18,33.57,84900
GLUU,25-Jul-2014,7,7.4,6.9,7.17,13432800
GLYC,25-Jul-2014,8.83,9.07,8.56,8.69,84600
GMLP,25-Jul-2014,35.07,35.55,34.26,34.67,113600
GNCA,25-Jul-2014,17.77,18.38,17.77,18.03,17900
GNCMA,25-Jul-2014,10.76,10.84,10.7,10.83,107700
GNMA,25-Jul-2014,49.87,49.87,49.74,49.85,2500
GNMK,25-Jul-2014,10.81,11,10.63,10.67,153800
GNTX,25-Jul-2014,14.485,14.67,14.395,14.66,1294800
GOGO,25-Jul-2014,16.76,17.12,16.76,16.99,901100
GOLD,25-Jul-2014,85.84,87.55,85.58,87.37,459100
GOOD,25-Jul-2014,17.6,17.74,17.5,17.57,93900
GOODO,25-Jul-2014,25.34,25.37,25.34,25.37,200
GOODP,25-Jul-2014,25.45,25.45,25.45,25.45,100
GOOG,25-Jul-2014,590.4,591.86,587.03,589.02,932700
GOOGL,25-Jul-2014,599.25,601,595.75,598.08,1361900
GPIC,25-Jul-2014,8.63,8.72,8.5,8.7,3100
GPOR,25-Jul-2014,57.62,57.65,56.49,56.92,1810200
GPRE,25-Jul-2014,38.45,39.16,38.01,38.76,1187000
GPRO,25-Jul-2014,41.82,42.4,41.06,41.98,2837800
GRFS,25-Jul-2014,21.215,21.29,20.785,21.025,283700
GRID,25-Jul-2014,36.56,36.9,36.56,36.9,1900
GRIF,25-Jul-2014,28.27,28.29,27.53,27.9,2300
GRMN,25-Jul-2014,57.89,58.17,57.01,57.1,761000
GROW,25-Jul-2014,3.39,3.61,3.39,3.61,22700
GRPN,25-Jul-2014,6.13,6.25,6.12,6.21,6522300
GRVY,25-Jul-2014,6.64,6.64,6.4,6.4,4800
GSBC,25-Jul-2014,30,30.13,29.84,29.98,23600
GSIT,25-Jul-2014,6.43,6.45,6.43,6.45,85700
GSM,25-Jul-2014,20.89,21.01,20.7,20.74,165500
GSVC,25-Jul-2014,9.63,9.86,9.63,9.8,83300
GT,25-Jul-2014,28.22,28.45,28.05,28.22,1403900
GTIM,25-Jul-2014,3.3,3.3,3.23,3.29,16500
GTLS,25-Jul-2014,79.38,80.37,78.69,79,325500
GTXI,25-Jul-2014,1.32,1.32,1.27,1.28,96300
GULF,25-Jul-2014,22.77,22.87,22.68,22.77,18700
GURE,25-Jul-2014,2.08,2.11,2.08,2.08,66900
GWPH,25-Jul-2014,86.64,87.23,84.3,84.88,422200
GYRO,25-Jul-2014,5.09,5.15,5,5.1,12500
HA,25-Jul-2014,13.66,14.51,13.65,14.4,1477400
HAFC,25-Jul-2014,20.81,21.12,20.81,20.97,77300
HAIN,25-Jul-2014,44.3,44.47,43.94,44.245,335700
HALL,25-Jul-2014,9.37,9.37,9.22,9.34,30600
HALO,25-Jul-2014,9.14,9.25,9.01,9.1,556300
HAS,25-Jul-2014,51.71,51.85,51.39,51.46,1445800
HAWK,25-Jul-2014,27.32,27.59,26.94,27.35,127200
HAYN,25-Jul-2014,51.08,52,50.89,51.31,58900
HBAN,25-Jul-2014,9.95,10,9.91,9.98,7138200
HBANP,25-Jul-2014,1342.99,1343,1342.99,1343,100
HBCP,25-Jul-2014,22.18,22.39,22.11,22.23,5000
HBHC,25-Jul-2014,32.09,33.82,31.25,33.47,676200
HBIO,25-Jul-2014,4.84,4.9,4.7,4.81,82200
HBK,25-Jul-2014,13.88,13.88,13.74,13.74,10000
HBMD,25-Jul-2014,10.26,10.31,10.21,10.26,7200
HBNC,25-Jul-2014,13.9933,14.2333,13.9933,14.06,18800
HBP,25-Jul-2014,3.9,4.3,3.9,4.16,8200
HCAP,25-Jul-2014,14.51,14.61,14.36,14.46,9500
HCCI,25-Jul-2014,17.1,17.73,16.97,17.68,23500
HCKT,25-Jul-2014,6.18,6.3,6.16,6.21,44300
HCOM,25-Jul-2014,28.44,28.85,28.28,28.66,25300
HCSG,25-Jul-2014,27.09,27.48,26.83,26.93,354800
HDNG,25-Jul-2014,12.37,12.44,12.36,12.44,16000
HDS,25-Jul-2014,27.07,27.16,26.59,26.88,651100
HDSN,25-Jul-2014,3.02,3.04,2.9,2.95,43400
HEAR,25-Jul-2014,8.46,8.5,8.17,8.33,142100
HEES,25-Jul-2014,37.88,38.18,37.73,38.05,109800
HELE,25-Jul-2014,55.82,56.26,55.47,56.1,209800
HFBC,25-Jul-2014,12.09,12.09,11.75,12,2600
HFBL,25-Jul-2014,19.06,19.06,18.76,18.92,12200
HFWA,25-Jul-2014,15.8,16.03,15.61,15.84,57700
HGSH,25-Jul-2014,2.67,2.67,2.46,2.56,9100
HIBB,25-Jul-2014,51.86,52.17,50.95,50.99,204200
HIFS,25-Jul-2014,82.15,83.01,82,83.01,2900
HIHO,25-Jul-2014,3.05,3.27,3.05,3.13,57700
HIIQ,25-Jul-2014,13.73,13.73,13.48,13.59,29700
HIMX,25-Jul-2014,5.95,5.97,5.8,5.83,2628900
HLIT,25-Jul-2014,6.23,6.32,6.22,6.3,667400
HMHC,25-Jul-2014,17.26,17.61,17.21,17.26,345600
HMNF,25-Jul-2014,11.41,12.26,11.41,11.57,5300
HMNY,25-Jul-2014,3.82,4.43,3.59,3.98,82900
HMST,25-Jul-2014,17.92,18.1,17.61,17.79,31500
HMSY,25-Jul-2014,18.31,18.88,18.22,18.7,1107300
HMTV,25-Jul-2014,11.24,11.5,11.19,11.19,8900
HNNA,25-Jul-2014,10.9,11.0667,10.68,10.7,6000
HNRG,25-Jul-2014,12.15,12.29,12.04,12.27,61900
HOFT,25-Jul-2014,15.43,15.56,15.39,15.41,40400
HOLI,25-Jul-2014,23.16,23.31,22.3,22.39,298600
HOLX,25-Jul-2014,25.5,25.53,25.09,25.26,1064400
HOMB,25-Jul-2014,14.94,15.125,14.9,15.065,208400
HOVNP,25-Jul-2014,13.91,13.93,13.65,13.81,1800
HPJ,25-Jul-2014,4.63,4.7,4.54,4.6,72500
HRTX,25-Jul-2014,9.05,9.21,8.91,9.16,117100
HRZN,25-Jul-2014,14.25,14.5,14.18,14.44,33500
HSIC,25-Jul-2014,118.47,118.98,117.5,118.1,496800
HSII,25-Jul-2014,17.99,18.18,17.97,18.09,34900
HSKA,25-Jul-2014,11.23,11.88,11.23,11.88,61800
HSNI,25-Jul-2014,56.12,56.52,55.97,56.07,272200
HSON,25-Jul-2014,3.86,3.95,3.86,3.91,12500
HSTM,25-Jul-2014,24.93,25.17,24.76,24.96,200300
HTBI,25-Jul-2014,15.35,15.45,15.28,15.4,65500
HTBK,25-Jul-2014,8.02,8.13,8,8,27500
HTBX,25-Jul-2014,4.16,4.16,4,4.13,11600
HTHT,25-Jul-2014,25.02,25.02,24.86,24.91,24200
HTLD,25-Jul-2014,24,24,23.09,23.1,706600
HTLF,25-Jul-2014,23.41,23.64,23.25,23.37,20300
HUBG,25-Jul-2014,48.3,48.52,47.51,47.66,245500
HURC,25-Jul-2014,33.27,34.8,33,33.39,76200
HURN,25-Jul-2014,64.79,65.06,64.07,64.65,120800
HWBK,25-Jul-2014,12.75,12.75,12.75,12.75,0
HWCC,25-Jul-2014,12.4,12.41,12.26,12.38,65600
HWKN,25-Jul-2014,35.84,36.01,35.21,35.39,19400
HYGS,25-Jul-2014,18.37,21.74,18.25,21.33,681100
HYLS,25-Jul-2014,52.11,52.2,52.05,52.1,14800
HYND,25-Jul-2014,23.85,23.85,23.85,23.85,0
HYZD,25-Jul-2014,24.96,25.05,24.96,25.05,500
HZNP,25-Jul-2014,14.1,14.19,13.85,13.9,722800
IART,25-Jul-2014,23.635,23.82,23.585,23.75,102700
IBB,25-Jul-2014,255,255.35,251.94,254.06,1119300
IBCP,25-Jul-2014,12.48,12.65,12.1,12.29,136900
IBKC,25-Jul-2014,66.27,67.24,65.43,66.27,183000
IBKR,25-Jul-2014,22.41,22.66,22.39,22.63,321600
IBOC,25-Jul-2014,25.72,25.93,25.71,25.79,154900
IBTX,25-Jul-2014,49.85,49.85,48.72,48.79,33500
ICAD,25-Jul-2014,8.19,8.38,7.96,8.25,48300
ICCC,25-Jul-2014,4.61,4.8,4.61,4.8,600
ICFI,25-Jul-2014,34.96,35.43,34.9,34.94,43300
ICLN,25-Jul-2014,11.6,11.6,11.52,11.53,11200
ICLR,25-Jul-2014,47.63,47.78,46.85,47.49,302600
ICON,25-Jul-2014,43.14,43.62,42.42,42.68,583700
ICPT,25-Jul-2014,224.2,226.9,220,221,201700
ICUI,25-Jul-2014,58.54,59.36,57.92,59.2,153100
IDCC,25-Jul-2014,44.81,45.03,44.5,44.81,289200
IDRA,25-Jul-2014,2.74,2.74,2.61,2.64,839800
IDSA,25-Jul-2014,5.72,6.4,5.72,6.25,45700
IDSY,25-Jul-2014,4.95,5.18,4.95,5.05,8400
IDTI,25-Jul-2014,14.06,14.09,13.29,13.33,4753100
IDXX,25-Jul-2014,70,70,64.09,64.53,1435600
IEP,25-Jul-2014,106.06,107.08,105.42,105.87,84100
IESC,25-Jul-2014,6.43,6.43,6.26,6.27,4000
IFEU,25-Jul-2014,37.99,37.99,37.6,37.6,1800
IFGL,25-Jul-2014,32.4,32.4,32.22,32.22,97600
IFON,25-Jul-2014,2.43,2.58,2.43,2.49,223600
IFV,25-Jul-2014,20.67,20.67,20.08,20.09,10900
IGLD,25-Jul-2014,9.17,9.37,9.09,9.14,1100
IGOV,25-Jul-2014,104.56,104.64,104.53,104.57,15300
III,25-Jul-2014,4.42,4.44,4.21,4.41,169800
IIIN,25-Jul-2014,19.55,19.55,19.15,19.18,42300
IIJI,25-Jul-2014,11.65,11.65,10.91,11.28,6700
IIN,25-Jul-2014,6.91,7.09,6.5,6.8,69000
IIVI,25-Jul-2014,13.78,13.88,13.65,13.72,178200
IKNX,25-Jul-2014,22.92,24.33,21.89,22.86,5400
ILMN,25-Jul-2014,171.41,175.38,168.57,171.03,1134700
IMDZ,25-Jul-2014,12,12.15,11.88,12.01,197600
IMGN,25-Jul-2014,10.82,10.9,10.44,10.63,835300
IMI,25-Jul-2014,2.3,2.31,2.24,2.25,56700
IMKTA,25-Jul-2014,25.43,25.47,25.22,25.24,26900
IMMR,25-Jul-2014,13.37,13.45,12.97,13.14,170700
IMMU,25-Jul-2014,3.39,3.42,3.3,3.34,256500
IMMY,25-Jul-2014,6.12,6.43,6.12,6.25,2200
IMOS,25-Jul-2014,24.32,24.39,23.5,23.71,148700
INAP,25-Jul-2014,6.38,6.49,6.31,6.35,131300
INBK,25-Jul-2014,19,19.1,18.92,18.92,6400
INCY,25-Jul-2014,47.75,48.11,47.11,47.3,568300
INDB,25-Jul-2014,36.91,37.09,36.76,37,52300
INDY,25-Jul-2014,29.93,29.93,29.77,29.87,207100
INFI,25-Jul-2014,9.57,9.74,9.5,9.67,323700
INFN,25-Jul-2014,8.95,9.15,8.82,9.13,2178400
INGN,25-Jul-2014,19.88,20,19.11,19.22,26700
INOD,25-Jul-2014,2.99,3.04,2.99,3.04,6800
INSM,25-Jul-2014,17.52,17.72,17.2,17.5,341000
INSY,25-Jul-2014,13.615,14.62,13.615,14.58,485600
INTC,25-Jul-2014,34.15,34.37,33.93,34.25,31614000
INTG,25-Jul-2014,19.22,20.09,19.22,19.25,800
INTL,25-Jul-2014,19.24,19.47,18.96,19.43,97400
INTU,25-Jul-2014,82.34,82.84,82.24,82.64,513400
INTX,25-Jul-2014,3.81,3.93,3.77,3.81,93300
INVE,25-Jul-2014,11.09,11.1,10.94,11.02,27000
INWK,25-Jul-2014,8.19,8.29,8.12,8.22,130900
IOSP,25-Jul-2014,40.47,41,40.28,40.45,63400
IPAR,25-Jul-2014,28.11,28.16,26.81,26.95,146900
IPAS,25-Jul-2014,1.4,1.42,1.37,1.4,32800
IPCC,25-Jul-2014,64.48,65.4,64.02,64.67,34400
IPCI,25-Jul-2014,2.77,2.84,2.74,2.82,40700
IPDN,25-Jul-2014,45.6,45.6,44.16,44.4,3100
IPGP,25-Jul-2014,62.8,63.02,62.38,62.85,409700
IPHS,25-Jul-2014,57.74,58.25,57.3,57.8,117100
IPKW,25-Jul-2014,26.34,26.46,26.34,26.42,3900
IPWR,25-Jul-2014,7.51,7.79,7.29,7.45,16100
IPXL,25-Jul-2014,27.93,28.11,27.76,27.87,287800
IRBT,25-Jul-2014,36.11,36.12,34.89,35.19,526200
IRDM,25-Jul-2014,8.08,8.19,8.05,8.1,463800
IRDMB,25-Jul-2014,320.01,320.01,320.01,320.01,0
IRIX,25-Jul-2014,7.64,7.79,7.4,7.67,27500
IRMD,25-Jul-2014,9.3,9.35,9,9.21,37900
IROQ,25-Jul-2014,16.76,16.99,16.75,16.99,1400
IRWD,25-Jul-2014,15.5,15.5,14.95,15.36,561600
ISBC,25-Jul-2014,10.69,10.79,10.62,10.72,4445600
ISCA,25-Jul-2014,31.42,31.65,31.18,31.36,80500
ISHG,25-Jul-2014,94.87,94.98,94.87,94.98,1700
ISIG,25-Jul-2014,3.11,3.15,3.09,3.1,6300
ISM,25-Jul-2014,24.44,24.53,24.44,24.5,700
ISNS,25-Jul-2014,3.07,3.2,3.05,3.09,37200
ISRG,25-Jul-2014,463.88,471.76,460.56,469.7,1003000
ISRL,25-Jul-2014,123,123,123,123,500
ISSC,25-Jul-2014,6.86,7,6.7,6.8,43900
ISTR,25-Jul-2014,14.25,14.25,14.11,14.14,10400
ITCI,25-Jul-2014,14.06,14.29,13.5,13.72,51900
ITIC,25-Jul-2014,69.29,69.56,69.29,69.56,4400
ITRI,25-Jul-2014,36.93,36.98,36.51,36.68,213600
ITRN,25-Jul-2014,23.55,24.15,23.5,23.88,6300
IVAC,25-Jul-2014,7.13,7.28,7.06,7.11,83900
IXYS,25-Jul-2014,11.8,11.9,11.51,11.57,198200
JACK,25-Jul-2014,57.83,59.35,56.48,57.32,246800
JAKK,25-Jul-2014,7.22,7.28,7,7.06,546200
JASN,25-Jul-2014,10.6,10.7,10.6,10.66,16800
JASNW,25-Jul-2014,1.35,1.71,1.35,1.69,26800
JASO,25-Jul-2014,9.38,9.53,9.3,9.52,2042300
JAZZ,25-Jul-2014,143.51,144.18,141.56,142.51,460400
JBHT,25-Jul-2014,79.3,79.54,79.16,79.23,985200
JBLU,25-Jul-2014,11.08,11.46,11,11.41,6198000
JBSS,25-Jul-2014,26.5,26.58,26.25,26.51,29800
JCOM,25-Jul-2014,48.91,49.59,48.7,49.31,303500
JCS,25-Jul-2014,11.79,11.87,11.46,11.68,6500
JCTCF,25-Jul-2014,9.32,9.73,9.32,9.69,1800
JD,25-Jul-2014,29.1,29.48,28.5,29.03,3872100
JJSF,25-Jul-2014,91.52,91.85,90.48,90.76,33700
JKHY,25-Jul-2014,59.94,60.16,59.49,59.72,211100
JMBA,25-Jul-2014,12.54,12.61,12.25,12.38,129500
JOBS,25-Jul-2014,36.42,36.5,35.81,36.05,10500
JOUT,25-Jul-2014,23.12,23.67,22.7,23.24,19500
JRJC,25-Jul-2014,4.29,4.55,4.29,4.44,333900
JSM,25-Jul-2014,22.05,22.25,22.03,22.25,15600
JTPY,25-Jul-2014,1.94,2.13,1.94,2.09,18200
JVA,25-Jul-2014,6.33,6.35,6.2,6.23,64000
JXSB,25-Jul-2014,22.5,22.5,22.5,22.5,500
KALU,25-Jul-2014,75.03,76.21,74.31,75.96,628400
KANG,25-Jul-2014,18.27,19.22,18.27,18.98,135300
KCAP,25-Jul-2014,7.99,8.03,7.94,7.99,217400
KELYA,25-Jul-2014,16.61,16.71,16.48,16.56,102500
KELYB,25-Jul-2014,16.83,16.83,16.83,16.83,200
KEQU,25-Jul-2014,18,18.2,18,18.2,400
KERX,25-Jul-2014,15.21,15.3,14.9,15.15,1582000
KEYW,25-Jul-2014,13.36,13.79,13.21,13.76,215500
KFFB,25-Jul-2014,8.36,8.65,8.3,8.64,14500
KFRC,25-Jul-2014,21.91,21.91,21.61,21.69,104900
KGJI,25-Jul-2014,1.25,1.25,1.22,1.23,17600
KIN,25-Jul-2014,16.09,17.46,15.97,17.3,73400
KINS,25-Jul-2014,6.98,6.98,6.81,6.9,14900
KIRK,25-Jul-2014,18.94,19.17,18.94,19.08,67800
KLAC,25-Jul-2014,70.38,72.34,70.1,71.6,4968300
KLIC,25-Jul-2014,13.87,13.99,13.44,13.94,572800
KMDA,25-Jul-2014,6.52,6.57,6.41,6.51,2900
KNDI,25-Jul-2014,16.65,17.8,16.65,17.38,4099000
KONA,25-Jul-2014,18.63,18.8,18.53,18.63,11900
KONE,25-Jul-2014,6.7,6.7,5.62,5.76,19000
KOOL,25-Jul-2014,28.2,28.4,27.6,28.2,124700
KOPN,25-Jul-2014,3.09,3.48,3.09,3.43,716500
KOSS,25-Jul-2014,3.13,3.13,2.9,2.9,76700
KPTI,25-Jul-2014,36.08,37.45,36.07,36.58,173600
KRNY,25-Jul-2014,15.07,15.15,15,15.06,35400
KTCC,25-Jul-2014,10.44,10.62,10.4,10.58,7600
KTEC,25-Jul-2014,13,13.25,12.65,13.02,4000
KTOS,25-Jul-2014,7.5,7.5,7.21,7.25,617100
KTWO,25-Jul-2014,15.74,16.28,15.74,16.19,74100
KVHI,25-Jul-2014,13.68,13.68,13.5,13.63,48000
LABL,25-Jul-2014,40.85,41,40.52,40.62,33200
LAKE,25-Jul-2014,6.82,6.87,6.2,6.2,6600
LALT,25-Jul-2014,24.88,24.88,24.88,24.88,5600
LAMR,25-Jul-2014,51.68,51.96,51.46,51.84,544700
LANC,25-Jul-2014,91.4,91.83,90.49,90.6,41100
LAND,25-Jul-2014,12,12.38,12,12.17,18900
LARK,25-Jul-2014,20.14,20.75,20.14,20.51,2100
LAWS,25-Jul-2014,17.3,17.7,17.22,17.7,19600
LAYN,25-Jul-2014,11.1,11.14,10.93,11.02,132300
LBAI,25-Jul-2014,10.37,10.37,10.17,10.25,100200
LBIX,25-Jul-2014,3.98,3.98,3.82,3.96,4100
LBTYA,25-Jul-2014,43,43,42.01,42.53,2512400
LBTYB,25-Jul-2014,46.91,46.91,46.91,46.91,0
LBTYK,25-Jul-2014,41.48,41.68,40.75,40.99,2638000
LCNB,25-Jul-2014,15.58,15.86,15.49,15.69,6100
LCUT,25-Jul-2014,16.75,16.9,16.74,16.85,53300
LE,25-Jul-2014,35.41,35.54,34.66,34.78,251500
LECO,25-Jul-2014,66.8,67.49,66.51,66.77,437600
LEDS,25-Jul-2014,0.94,0.95,0.9,0.94,145200
LFUS,25-Jul-2014,88.81,89.39,88.17,88.94,143400
LFVN,25-Jul-2014,9.66,9.94,9.59,9.73,108100
LGCY,25-Jul-2014,32.28,32.6,31.85,32.19,209100
LGCYO,25-Jul-2014,24.87,24.89,24.83,24.85,44700
LGCYP,25-Jul-2014,25.46,25.46,25.25,25.25,2600
LGIH,25-Jul-2014,19.11,19.29,18.84,18.91,93300
LGND,25-Jul-2014,50.65,51.16,49.52,50.06,183500
LHCG,25-Jul-2014,21.41,21.71,21.31,21.47,36300
LINC,25-Jul-2014,3.75,4.04,3.73,4,73900
LION,25-Jul-2014,14.33,14.63,14.11,14.18,86700
LIVE,25-Jul-2014,4.17,4.22,3.98,4.03,296300
LJPC,25-Jul-2014,11.04,11.45,10.65,11.26,204000
LKFN,25-Jul-2014,23.6667,24.4467,23.6667,24.3333,79900
LKQ,25-Jul-2014,25.61,25.79,25.29,25.35,1318200
LLNW,25-Jul-2014,2.74,2.78,2.56,2.65,468900
LMAT,25-Jul-2014,7.97,7.97,7.71,7.77,11500
LMNR,25-Jul-2014,21.88,22.01,21.39,21.72,34300
LMNX,25-Jul-2014,16.91,17.76,16.81,17.74,313300
LNCE,25-Jul-2014,25.92,26.36,25.73,26.07,151300
LNDC,25-Jul-2014,12.04,12.05,11.81,11.94,58400
LOAN,25-Jul-2014,2.62,3.69,2.62,3.08,699800
LOCO,25-Jul-2014,19,24.4,18.48,24.03,23673500
LOGI,25-Jul-2014,15.1,15.15,14.93,15.08,776300
LOGM,25-Jul-2014,45,45,40.59,41.95,1788500
LOPE,25-Jul-2014,44.75,45.26,44.4,44.7,148600
LORL,25-Jul-2014,72.92,73.37,72.71,72.73,38700
LPCN,25-Jul-2014,6.35,6.35,6.14,6.14,2000
LPLA,25-Jul-2014,49.21,49.52,48.79,49.06,134200
LPNT,25-Jul-2014,75.5,76.3,67.58,70.27,1671300
LPSN,25-Jul-2014,9.74,9.87,9.64,9.75,244800
LPTH,25-Jul-2014,1.22,1.23,1.22,1.22,11100
LQDT,25-Jul-2014,14,14.21,13.84,13.98,205300
LRAD,25-Jul-2014,1.96,2,1.96,1.98,38800
LRCX,25-Jul-2014,69.33,69.55,68.04,69.51,4495000
LSBK,25-Jul-2014,12.3,12.42,12.3,12.42,16100
LSCC,25-Jul-2014,6.2,7.23,6.03,7.06,8189900
LSTR,25-Jul-2014,68.42,68.57,67.18,67.23,339100
LTBR,25-Jul-2014,14.1,14.4,13.25,14.25,53500
LTRX,25-Jul-2014,1.92,2.05,1.92,2.01,14500
LULU,25-Jul-2014,39.13,39.56,38.84,39.03,1582800
LUNA,25-Jul-2014,1.39,1.48,1.39,1.43,7900
LVNTA,25-Jul-2014,35.1892,35.6069,34.7715,34.9189,138500
LVNTB,25-Jul-2014,71.72,71.72,71.72,71.72,0
LWAY,25-Jul-2014,13.04,13.04,12.65,12.81,12300
LXRX,25-Jul-2014,10.5,10.64,10.29,10.43,784100
LYTS,25-Jul-2014,7.27,7.35,7.21,7.21,23600
MACK,25-Jul-2014,5.86,5.9,5.7,5.71,761100
MAGS,25-Jul-2014,3.83,3.84,3.74,3.74,16300
MAMS,25-Jul-2014,6.45,6.45,6.4,6.41,16900
MANH,25-Jul-2014,31.43,31.8,31.24,31.45,318100
MANT,25-Jul-2014,29.27,29.43,29.01,29.09,144000
MAR,25-Jul-2014,66.72,67.12,66.27,66.37,1424200
MARK,25-Jul-2014,8.04,8.17,8,8.02,5100
MARPS,25-Jul-2014,16.5,16.89,16.5,16.89,200
MASI,25-Jul-2014,24.18,24.52,23.88,24.14,328500
MAT,25-Jul-2014,35.36,35.58,35.14,35.3,1568900
MATR,25-Jul-2014,5.05,5.16,4.85,5.1,81700
MATW,25-Jul-2014,43.2,43.5,42.83,43.4,126700
MAYS,25-Jul-2014,56.87,62.56,56.87,62.56,1000
MBFI,25-Jul-2014,27.22,27.87,27.21,27.77,318700
MBII,25-Jul-2014,9.5,10.01,9.21,9.65,53600
MBTF,25-Jul-2014,5.36,5.54,5.16,5.49,18600
MBUU,25-Jul-2014,19.76,20,19.29,19.84,307400
MBWM,25-Jul-2014,19.75,19.93,19.54,19.68,60300
MCBC,25-Jul-2014,4.81,4.85,4.75,4.77,55400
MCEP,25-Jul-2014,24.17,24.39,23.85,24.25,56700
MCHP,25-Jul-2014,46.81,46.96,45.37,45.9,3239900
MCHX,25-Jul-2014,11.52,11.58,11.29,11.33,120400
MCRI,25-Jul-2014,13.34,13.34,12.52,12.91,119000
MDCA,25-Jul-2014,22.04,22.25,21.34,22.15,216600
MDCO,25-Jul-2014,24.49,24.6,24.08,24.43,661000
MDIV,25-Jul-2014,22.15,22.17,22.03,22.06,191200
MDLZ,25-Jul-2014,38.29,38.31,38.04,38.18,4398400
MDRX,25-Jul-2014,16.65,16.98,16.57,16.8,911600
MDSO,25-Jul-2014,39.87,40.43,39.6,40.26,499900
MDWD,25-Jul-2014,9.49,9.49,9.2,9.43,21500
MDXG,25-Jul-2014,6.46,6.55,6.28,6.3,326000
MEET,25-Jul-2014,2.16,2.16,2.11,2.14,236000
MEIP,25-Jul-2014,7.02,7.23,6.75,7.06,57600
MELI,25-Jul-2014,90.9,91.66,89.88,90.5,691700
MEOH,25-Jul-2014,65.27,65.75,65.14,65.49,810700
MERC,25-Jul-2014,10.6,10.77,10.48,10.53,62300
MFNC,25-Jul-2014,12.5,12.5,12.5,12.5,0
MFSF,25-Jul-2014,19.36,19.39,19.03,19.34,3800
MGCD,25-Jul-2014,7.72,8.02,7.72,7.91,31100
MGEE,25-Jul-2014,38.74,38.99,38.34,38.54,110400
MGI,25-Jul-2014,14.73,14.73,14.34,14.54,152800
MGIC,25-Jul-2014,7.42,7.46,7.35,7.35,41100
MGLN,25-Jul-2014,59.44,60.48,53.51,58.26,1187200
MGNX,25-Jul-2014,20.97,21.32,20.57,21.09,118900
MGPI,25-Jul-2014,7.7,8.05,7.66,7.83,72800
MGRC,25-Jul-2014,36.5,36.83,36.13,36.29,37900
MGYR,25-Jul-2014,7.75,7.75,7.75,7.75,0
MHLD,25-Jul-2014,11.99,12.03,11.85,11.91,153900
MICT,25-Jul-2014,4.2,4.21,3.99,4.01,11800
MICTW,25-Jul-2014,0.75,0.75,0.75,0.75,0
MIDD,25-Jul-2014,74.27,75.34,74.25,74.49,269600
MIK,25-Jul-2014,16.85,16.85,16.62,16.73,504300
MIND,25-Jul-2014,13.3,13.54,13.15,13.21,85900
MINI,25-Jul-2014,45,45.35,44.01,44.22,139100
MITK,25-Jul-2014,3.21,3.35,3.16,3.28,301900
MITL,25-Jul-2014,10.6,10.68,10.6,10.67,421800
MKSI,25-Jul-2014,31.61,31.7,31.29,31.45,555600
MKTX,25-Jul-2014,55.96,56.62,55.35,55.99,316400
MLAB,25-Jul-2014,80.78,80.78,79.45,80.06,5900
MLHR,25-Jul-2014,29.92,29.95,29.52,29.59,187200
MLNK,25-Jul-2014,3.71,3.78,3.71,3.74,59700
MLNX,25-Jul-2014,40.01,44.4,39.71,44.4,4532400
MLVF,25-Jul-2014,10.6,10.7,10.5,10.5,5900
MMLP,25-Jul-2014,41.12,41.15,40.9,41.14,66000
MMSI,25-Jul-2014,14.92,15.18,14.69,14.82,170400
MMYT,25-Jul-2014,28.47,28.98,27.89,28.7,110000
MNDO,25-Jul-2014,2.47,2.52,2.39,2.48,113900
MNGA,25-Jul-2014,15,15.6,14.6,14.7,818200
MNKD,25-Jul-2014,44.35,44.85,41.75,43.85,17651000
MNOV,25-Jul-2014,1.94,1.96,1.94,1.96,6200
MNRO,25-Jul-2014,50.99,51.78,50.78,51.5,264200
MNST,25-Jul-2014,22.1767,22.4133,22.1333,22.3367,1056800
MNTA,25-Jul-2014,10.9,10.96,10.63,10.8,701100
MNTX,25-Jul-2014,16.07,16.22,15.85,15.91,78200
MOBL,25-Jul-2014,8.87,8.87,8.26,8.4,128200
MOFG,25-Jul-2014,23.4,23.6,23.36,23.36,8700
MORN,25-Jul-2014,67.26,67.43,66.3,66.49,74800
MOSY,25-Jul-2014,29.9,30.6,29.4,30.6,371100
MPAA,25-Jul-2014,23.66,23.67,22.99,23.19,159300
MPB,25-Jul-2014,16.18,16.18,16,16,1500
MPWR,25-Jul-2014,44.33,44.77,41.58,41.71,1086000
MRCC,25-Jul-2014,13.68,13.68,13.46,13.5,21300
MRCY,25-Jul-2014,11.17,11.42,11.1,11.17,84700
MRLN,25-Jul-2014,18.37,18.56,18,18.43,20600
MRTN,25-Jul-2014,22.41,22.41,21.57,21.61,123300
MRTX,25-Jul-2014,17.96,18.54,17.69,18.02,19900
MRVL,25-Jul-2014,13.92,13.93,13.38,13.39,8181700
MSBF,25-Jul-2014,8.01,8.01,8.01,8.01,0
MSCC,25-Jul-2014,25.76,26.24,24.6,24.66,536800
MSEX,25-Jul-2014,20.59,20.71,20.43,20.43,27200
MSFG,25-Jul-2014,17,17.26,17,17.04,30200
MSFT,25-Jul-2014,44.3,44.66,44.3,44.5,26737700
MSON,25-Jul-2014,6.76,6.84,6.75,6.81,4500
MSTR,25-Jul-2014,141.47,141.47,138.1,138.65,71700
MTBC,25-Jul-2014,4.23,4.23,3.8,4.09,131300
MTEX,25-Jul-2014,11.76,12.18,11.76,12.01,6900
MTGE,25-Jul-2014,19.85,20,19.83,19.92,272800
MTGEP,25-Jul-2014,25.32,25.33,25.17,25.26,18300
MTLS,25-Jul-2014,12.2,12.21,11.91,12,68900
MTRX,25-Jul-2014,29.78,29.81,29.12,29.24,162100
MTSC,25-Jul-2014,65.74,66.31,65.38,65.76,36400
MTSI,25-Jul-2014,20.46,20.46,19.46,19.69,137400
MTSL,25-Jul-2014,1.44,1.47,1.41,1.45,1700
MU,25-Jul-2014,33.69,33.82,33.23,33.42,19655100
MVIS,25-Jul-2014,2.23,2.25,2.14,2.19,503300
MXIM,25-Jul-2014,28.25,29.53,27.95,29.38,13451100
MXWL,25-Jul-2014,12.63,12.72,11.51,11.51,1009600
MYGN,25-Jul-2014,37.26,37.7,36.8,37.02,509300
MYL,25-Jul-2014,51.29,51.88,51.1,51.74,3937900
MYOS,25-Jul-2014,13.72,14.35,13.72,13.9,10500
MYRG,25-Jul-2014,24.84,25,24.6,24.93,84400
MZOR,25-Jul-2014,14.5,14.68,14.45,14.51,62200
NAII,25-Jul-2014,5.47,5.49,5.41,5.49,2000
NANO,25-Jul-2014,16.94,17.29,16.36,16.41,145600
NATH,25-Jul-2014,50.77,50.9,49.31,50.1,11600
NATI,25-Jul-2014,32.33,32.33,31.71,31.79,278000
NATR,25-Jul-2014,15.89,16.01,15.71,16.01,25100
NAUH,25-Jul-2014,3.09,3.14,3.05,3.05,15400
NAVG,25-Jul-2014,31.595,31.905,31.445,31.52,28400
NAVI,25-Jul-2014,17.9,18.15,17.78,17.87,1967600
NBIX,25-Jul-2014,13.43,13.59,13.4,13.53,453900
NBN,25-Jul-2014,9.32,9.46,9.21,9.41,18900
NBTB,25-Jul-2014,23.05,23.27,23,23.2,80100
NCMI,25-Jul-2014,16.33,16.49,16.28,16.33,170300
NCTY,25-Jul-2014,3.75,3.8,3.61,3.76,138000
NDAQ,25-Jul-2014,42.18,42.5,42,42.36,1437300
NDLS,25-Jul-2014,28.3,28.3,27.97,28.16,81000
NDSN,25-Jul-2014,78.24,78.73,77.75,78.21,192300
NEO,25-Jul-2014,5.18,5.42,5.13,5.39,400400
NEOG,25-Jul-2014,41.58,42.06,40.98,41.87,237500
NEON,25-Jul-2014,3.02,3.05,2.88,3.04,305900
NEPT,25-Jul-2014,2.35,2.38,2.3,2.31,189700
NERV,25-Jul-2014,6.28,6.85,6.28,6.78,283400
NETE,25-Jul-2014,21.6,22,20.5,21.8,228200
NEWS,25-Jul-2014,12.51,12.53,11.97,12.05,46100
NEWT,25-Jul-2014,12.8,12.85,12.6,12.6,13100
NFBK,25-Jul-2014,12.91,13,12.9,12.97,222700
NFEC,25-Jul-2014,2.51,2.53,2.46,2.49,8600
NFLX,25-Jul-2014,60.7143,61.1671,60.0571,60.2657,1659400
NGHC,25-Jul-2014,18.37,18.46,17.72,17.84,113400
NGHCP,25-Jul-2014,25.15,25.17,24.99,25.05,23800
NICE,25-Jul-2014,40.74,41.02,40.4,40.82,188900
NICK,25-Jul-2014,13.32,13.36,13.24,13.27,26100
NIHD,25-Jul-2014,0.7,0.78,0.69,0.71,3458700
NKSH,25-Jul-2014,29.92,30.57,29.6,29.6,13800
NKTR,25-Jul-2014,10.93,11.05,10.81,10.98,798300
NLNK,25-Jul-2014,22.22,22.27,21.43,21.77,135500
NLST,25-Jul-2014,1.28,1.32,1.27,1.31,140300
NMIH,25-Jul-2014,10.07,10.14,10,10.12,186400
NNBR,25-Jul-2014,28.95,29.49,28.8,29.09,128900
NRCIA,25-Jul-2014,13.51,14.25,13.4,13.41,22400
NRCIB,25-Jul-2014,41.57,41.57,40.03,41.57,700
NRIM,25-Jul-2014,24.69,24.93,24.58,24.67,8200
NSEC,25-Jul-2014,12.22,12.22,11.95,11.95,200
NSIT,25-Jul-2014,27.92,28.07,27.55,27.7,155100
NSSC,25-Jul-2014,5.1,5.1,4.94,4.95,44700
NSTG,25-Jul-2014,12.56,12.56,12.23,12.36,112700
NSYS,25-Jul-2014,4.78,4.92,4.76,4.76,10900
NTAP,25-Jul-2014,38.07,38.18,37.97,38.13,2348900
NTCT,25-Jul-2014,43.6,44.26,43.22,43.9,180800
NTES,25-Jul-2014,85,85.42,83.45,83.63,373900
NTGR,25-Jul-2014,30.8,32.12,30.8,31.59,1216200
NTIC,25-Jul-2014,20.16,20.16,19.27,19.44,900
NTRI,25-Jul-2014,17.93,18.09,17.64,17.79,234300
NTRS,25-Jul-2014,67.11,67.37,66.95,67.13,1143700
NTWK,25-Jul-2014,3.85,3.9,3.83,3.88,25400
NUAN,25-Jul-2014,17.77,18.28,17.74,18.25,2424700
NURO,25-Jul-2014,61.76,62.4,60.16,61.76,101300
NUVA,25-Jul-2014,33.98,34.18,33.81,34.06,378600
NVAX,25-Jul-2014,4.45,4.46,4.3,4.4,1852500
NVCN,25-Jul-2014,6.2,6.2,6.1,6.12,12600
NVDA,25-Jul-2014,18.05,18.09,17.76,17.79,6653300
NVEC,25-Jul-2014,60.3,61.58,59.76,60.44,17400
NVEE,25-Jul-2014,9.5,9.5,9.5,9.5,0
NVFY,25-Jul-2014,4.25,4.3,4.15,4.19,52700
NVMI,25-Jul-2014,11.17,11.39,10.62,10.88,64600
NWBI,25-Jul-2014,12.65,12.76,12.6,12.69,367200
NWFL,25-Jul-2014,29.22,29.22,28.97,29,4900
NWLI,25-Jul-2014,250.38,250.38,247.83,247.83,4700
NWPX,25-Jul-2014,37.3,37.3,36.6,36.86,19300
NWS,25-Jul-2014,17.7,17.7,17.56,17.61,843400
NWSA,25-Jul-2014,18.25,18.29,18.12,18.14,3757200
NXPI,25-Jul-2014,65.5,65.5,62.71,63,6229500
NXST,25-Jul-2014,47.88,48.5,47.38,47.65,544700
NXTM,25-Jul-2014,13.3,13.3,13.1,13.15,274700
NYMT,25-Jul-2014,7.68,7.7,7.64,7.69,723300
NYMTP,25-Jul-2014,23.98,24.1,23.94,24.04,21300
NYMX,25-Jul-2014,4.9,5.01,4.81,4.9,37800
NYNY,25-Jul-2014,26.25,26.4,24.5,25.2,235100
OBAS,25-Jul-2014,6.5,6.5,6.5,6.5,200
OBCI,25-Jul-2014,3.02,3.09,3,3.09,7600
OCC,25-Jul-2014,4.25,4.25,4.19,4.19,300
OCFC,25-Jul-2014,13.94,16.42,13.94,16.26,49700
OCLR,25-Jul-2014,2.04,2.07,2.03,2.03,373800
OCUL,25-Jul-2014,13,13.25,12.61,13.15,1877700
ODFL,25-Jul-2014,63.59,63.67,62.93,63.3,454800
OFED,25-Jul-2014,17.41,17.41,17.41,17.41,0
OFIX,25-Jul-2014,33.25,33.72,33.1,33.53,78900
OFLX,25-Jul-2014,18.75,18.75,18,18.19,16700
OFS,25-Jul-2014,12.66,12.75,12.51,12.74,10600
OHGI,25-Jul-2014,25.38,25.38,24.12,24.12,1900
OHRP,25-Jul-2014,8.38,8.56,8.17,8.23,190400
OIIM,25-Jul-2014,3.14,3.15,3,3.09,15300
OLBK,25-Jul-2014,14.04,14.61,13.94,14.52,42500
OLED,25-Jul-2014,30.48,30.5,29.57,29.96,466500
OMAB,25-Jul-2014,33.54,33.84,32.98,33.65,13200
OMCL,25-Jul-2014,26.98,27.31,26.73,27.23,119600
OMED,25-Jul-2014,23.09,23.27,22.38,22.84,166700
OMER,25-Jul-2014,14,14.14,13.65,13.98,284800
OMEX,25-Jul-2014,15.24,15.96,15.12,15.6,307300
ONB,25-Jul-2014,13.76,14,13.76,13.87,444600
ONEQ,25-Jul-2014,175.15,175.15,173.63,174.47,22900
ONTX,25-Jul-2014,50.5,51.4,49.6,50,52500
OPB,25-Jul-2014,29.75,30.14,29.6,29.91,102400
OPHC,25-Jul-2014,14.8,14.8,13.2,13.7,33400
OPHT,25-Jul-2014,40,41.07,39.5,40.64,163600
OPOF,25-Jul-2014,14.8,15.82,14.76,15.25,4900
OPTT,25-Jul-2014,13.6,13.6,11.9,12.7,337300
ORBC,25-Jul-2014,6.31,6.44,6.15,6.2,145000
ORBK,25-Jul-2014,16.19,16.22,16.03,16.05,85100
OREX,25-Jul-2014,53.1,53.7,52.7,52.9,1765800
ORIG,25-Jul-2014,17.91,18.08,17.73,17.94,198400
ORIT,25-Jul-2014,15.05,15.24,15.01,15.09,135600
ORLY,25-Jul-2014,151.17,152.49,151.17,151.74,911300
ORMP,25-Jul-2014,8.5,8.83,8.44,8.79,56400
ORRF,25-Jul-2014,16.31,16.64,16.06,16.07,16600
OSBC,25-Jul-2014,4.81,4.9,4.72,4.79,30500
OSBCP,25-Jul-2014,9.97,9.97,9.93,9.93,5900
OSIS,25-Jul-2014,65.63,66.64,65.38,66.24,70200
OSN,25-Jul-2014,3.12,3.15,2.79,2.97,7200
OSTK,25-Jul-2014,16.57,17.23,16.44,16.59,478200
OSUR,25-Jul-2014,8.5,8.55,8.18,8.3,405800
OTEL,25-Jul-2014,4.67,4.74,4.67,4.7,5400
OTEX,25-Jul-2014,23.76,23.785,23.63,23.69,144500
OTIV,25-Jul-2014,2.24,2.29,2.21,2.24,71500
OTTR,25-Jul-2014,28.23,28.56,28,28.03,76500
OVAS,25-Jul-2014,9.29,9.31,8.93,8.99,90500
OVBC,25-Jul-2014,22.82,22.95,22.82,22.85,2800
OVLY,25-Jul-2014,9.92,9.94,9.92,9.94,300
OXBR,25-Jul-2014,7.12,7.15,6.84,7.07,21900
OXBRW,25-Jul-2014,1.35,1.35,1.09,1.29,23000
OXFD,25-Jul-2014,15.92,16.21,15.19,16.06,57100
OXLC,25-Jul-2014,16.5,16.68,16.42,16.56,76900
OXLCO,25-Jul-2014,24.59,24.59,24.59,24.59,2400
OZRK,25-Jul-2014,31.34,31.71,31.29,31.44,325800
PAAS,25-Jul-2014,14.59,15.02,14.33,15,1066200
PACB,25-Jul-2014,5.46,5.46,4.64,4.75,2571500
PACW,25-Jul-2014,41.38,41.69,41.31,41.45,430100
PAGG,25-Jul-2014,30.76,30.76,30.57,30.58,3800
PAHC,25-Jul-2014,19.85,19.9,19.45,19.76,87600
PATK,25-Jul-2014,30.3333,30.7333,29.8133,30.1667,77700
PAYX,25-Jul-2014,42.46,42.64,42.07,42.38,1493800
PBCT,25-Jul-2014,14.95,15.01,14.84,14.98,1928200
PBHC,25-Jul-2014,15,15,15,15,0
PBIB,25-Jul-2014,1.04,1.13,0.94,1.04,31000
PBIP,25-Jul-2014,11.65,11.65,11.55,11.65,1300
PBPB,25-Jul-2014,11.64,11.71,11.5,11.71,231600
PBSK,25-Jul-2014,14.45,14.45,14.45,14.45,300
PCAR,25-Jul-2014,65.29,65.31,64.75,65.04,1116700
PCH,25-Jul-2014,41.49,41.57,41.08,41.37,223700
PCLN,25-Jul-2014,1235.65,1239.35,1224.28,1227.78,662600
PCMI,25-Jul-2014,10.34,10.36,10.3,10.34,3400
PCOM,25-Jul-2014,21.9,22.17,21.36,21.54,34200
PCRX,25-Jul-2014,86.2,87.15,84.93,85.54,219900
PCTI,25-Jul-2014,7.77,8.02,7.67,7.87,93000
PCTY,25-Jul-2014,20.54,20.84,20.01,20.08,67600
PCYG,25-Jul-2014,11.01,11.38,11,11.35,59100
PCYO,25-Jul-2014,6.87,7.1,6.85,6.99,76000
PDCE,25-Jul-2014,53.46,53.89,51.59,51.64,713400
PDCO,25-Jul-2014,40.06,40.06,39.37,39.41,805900
PDEX,25-Jul-2014,2.25,2.25,2.13,2.16,23500
PDFS,25-Jul-2014,20.16,20.16,19.81,20.02,136600
PDLI,25-Jul-2014,9.4,9.52,9.38,9.5,1485300
PEBK,25-Jul-2014,16.58,16.98,16.58,16.98,800
PEBO,25-Jul-2014,24.33,24.44,23.87,23.94,15800
PEGA,25-Jul-2014,21.55,21.76,21.22,21.31,235900
PEGI,25-Jul-2014,32.75,33.01,31.66,31.86,552900
PEIX,25-Jul-2014,18.27,18.37,17.95,18.03,814000
PENN,25-Jul-2014,10.89,11.11,10.72,10.94,1227600
PERI,25-Jul-2014,9.1,9.12,9.01,9.06,63800
PERY,25-Jul-2014,18.11,18.26,18,18.21,82600
PESI,25-Jul-2014,4.58,4.58,4.58,4.58,0
PETS,25-Jul-2014,13.91,14.17,13.82,14.04,162700
PETX,25-Jul-2014,12.47,12.63,12.41,12.45,166700
PFBC,25-Jul-2014,22.08,22.59,22.08,22.48,21600
PFBI,25-Jul-2014,16.07,16.1,15.8,16.04,11700
PFIE,25-Jul-2014,4.05,4.06,3.66,3.7,616300
PFIN,25-Jul-2014,7.79,7.9,7.79,7.8,5600
PFIS,25-Jul-2014,49.92,50,48.74,49.11,18000
PFLT,25-Jul-2014,13.92,14.07,13.9,13.92,33400
PFMT,25-Jul-2014,9.96,10.32,9.95,10.18,247500
PFPT,25-Jul-2014,37.86,38.5,35.66,37.73,1126600
PFSW,25-Jul-2014,8.2,8.2,7.97,8.05,16100
PGC,25-Jul-2014,19.25,19.47,19.1,19.29,16300
PGNX,25-Jul-2014,5.01,5.1,4.96,5.08,892300
PHII,25-Jul-2014,38.1,38.1,38.1,38.1,0
PHIIK,25-Jul-2014,40.22,41.3,40.2,40.41,21800
PICO,25-Jul-2014,22.51,22.79,22.22,22.41,53300
PIH,25-Jul-2014,8.7,8.7,8.58,8.61,10300
PINC,25-Jul-2014,28.35,28.63,28.17,28.49,189900
PKBK,25-Jul-2014,11.45,11.45,11.45,11.45,700
PKOH,25-Jul-2014,60.1,61.1,60.01,60.39,36400
PLAB,25-Jul-2014,8.1,8.11,8,8.01,168500
PLBC,25-Jul-2014,7.62,7.7,7.62,7.7,400
PLCE,25-Jul-2014,50.89,50.96,49.85,49.89,344600
PLPC,25-Jul-2014,53.54,55.06,53.54,53.8,3400
PLUG,25-Jul-2014,5.4,5.46,5.26,5.42,10326400
PLUS,25-Jul-2014,28.07,28.27,27.845,28.145,24600
PLXS,25-Jul-2014,40.42,40.63,39.93,40.37,157000
PMBC,25-Jul-2014,6.65,6.65,6.61,6.65,3700
PMD,25-Jul-2014,14,14.22,14,14.15,4300
PME,25-Jul-2014,2.47,2.47,2.44,2.44,8500
PNBK,25-Jul-2014,21,21,19,19.9,261600
PNFP,25-Jul-2014,36.76,37.16,36.57,36.99,136900
PNNT,25-Jul-2014,11.51,11.6,11.48,11.57,419000
PNQI,25-Jul-2014,68.84,69.01,68.52,69.01,25800
PNRG,25-Jul-2014,66,66,65,65.1,3200
PNTR,25-Jul-2014,8.81,9,8.73,8.73,4900
PODD,25-Jul-2014,36.81,36.99,36.12,36.29,396400
POOL,25-Jul-2014,55.21,55.73,55.13,55.46,197600
POPE,25-Jul-2014,68.24,68.24,68.24,68.24,100
POWI,25-Jul-2014,52.6,52.85,51.59,51.69,208600
POWL,25-Jul-2014,61.24,61.28,60.69,60.73,18000
PPBI,25-Jul-2014,14.32,14.42,14.19,14.36,42300
PPC,25-Jul-2014,31.67,31.9,31.52,31.63,1201300
PPHM,25-Jul-2014,1.57,1.6,1.55,1.55,717800
PPHMP,25-Jul-2014,24.05,24.05,23.95,23.95,2600
PPSI,25-Jul-2014,8.12,8.12,8.11,8.12,2900
PRAA,25-Jul-2014,60.49,60.63,59.58,60,379000
PRAN,25-Jul-2014,14.22,14.28,13.68,13.8,494700
PRCP,25-Jul-2014,12.44,12.44,11.95,11.95,19600
PRFT,25-Jul-2014,19.58,19.85,19.44,19.59,115400
PRFZ,25-Jul-2014,97.9,98.23,97.77,97.9,22600
PRGS,25-Jul-2014,23.54,23.79,23.54,23.63,157800
PRGX,25-Jul-2014,6.51,6.62,6.5,6.53,44100
PRIM,25-Jul-2014,25.2,25.78,25,25.08,195600
PRKR,25-Jul-2014,13.1,13.5,13,13.2,839400
PRMW,25-Jul-2014,4.83,4.85,4.78,4.79,13600
PROV,25-Jul-2014,14.51,14.64,14.44,14.44,16300
PRPH,25-Jul-2014,1.61,1.62,1.59,1.61,30600
PRSC,25-Jul-2014,39.54,40.51,39.45,39.99,92500
PRSS,25-Jul-2014,5.26,5.4,5.22,5.35,9100
PRTA,25-Jul-2014,18.27,18.39,17.7,18.22,220100
PRTS,25-Jul-2014,3.14,3.21,3.14,3.15,20500
PSAU,25-Jul-2014,22.48,22.88,22.48,22.87,3700
PSCC,25-Jul-2014,49.12,49.12,49.03,49.1,1500
PSCD,25-Jul-2014,46.25,46.29,45.98,46.17,3400
PSCE,25-Jul-2014,50.71,50.71,50.16,50.35,4100
PSCF,25-Jul-2014,38.88,38.93,38.71,38.82,5800
PSCH,25-Jul-2014,55.37,55.5,54.35,55.25,12200
PSCI,25-Jul-2014,44.13,44.13,43.63,43.67,3700
PSCM,25-Jul-2014,46.01,46.13,45.95,45.97,2600
PSCT,25-Jul-2014,45.32,45.32,44.92,45.02,17200
PSCU,25-Jul-2014,35.73,35.81,35.5,35.5,1600
PSDV,25-Jul-2014,4.38,4.44,4.32,4.38,65500
PSEC,25-Jul-2014,10.97,11,10.92,11,3551700
PSMT,25-Jul-2014,81.55,82.44,81.54,82.1,117200
PSTI,25-Jul-2014,2.9,2.93,2.86,2.9,65300
PTC,25-Jul-2014,37.66,38.11,37.42,37.82,1323400
PTCT,25-Jul-2014,27.62,28.13,27.18,27.8,248600
PTEN,25-Jul-2014,37.69,37.81,37.16,37.73,2444400
PTIE,25-Jul-2014,33.6,34.02,31.85,32.41,218100
PTLA,25-Jul-2014,24.09,24.85,23.8,24.44,221800
PTNR,25-Jul-2014,7.66,7.68,7.6,7.66,15500
PTSI,25-Jul-2014,33.74,34.89,33.35,34.35,44500
PTX,25-Jul-2014,8.14,8.53,8.05,8.49,317800
PWOD,25-Jul-2014,43.1,43.32,42.9,42.91,14600
PXLW,25-Jul-2014,8.49,8.49,8.25,8.32,718800
PZZA,25-Jul-2014,43.98,44.46,43.81,44.16,301900
QABA,25-Jul-2014,34.56,34.72,34.56,34.66,5700
QADA,25-Jul-2014,20.22,20.47,19.33,19.55,7600
QADB,25-Jul-2014,16.6,17.1,16.35,16.35,3500
QAT,25-Jul-2014,24.79,24.94,24.79,24.91,21900
QBAK,25-Jul-2014,8.1,8.1,8.1,8.1,0
QCLN,25-Jul-2014,19.44,19.57,19.31,19.33,148100
QCOM,25-Jul-2014,76,76.58,75.82,76.1,13574800
QCRH,25-Jul-2014,17.18,17.19,17.1,17.18,1700
QDEL,25-Jul-2014,23.34,23.65,22.64,22.97,331700
QINC,25-Jul-2014,20.6,20.62,20.6,20.6,4800
QIWI,25-Jul-2014,37.53,37.99,37.14,37.94,448500
QLYS,25-Jul-2014,24.43,25.02,23.98,24.54,74100
QNST,25-Jul-2014,5.11,5.2,5.11,5.15,59700
QQEW,25-Jul-2014,39.34,39.41,39.17,39.27,44000
QQQ,25-Jul-2014,96.65,96.87,96.23,96.74,29903600
QQQC,25-Jul-2014,23.64,23.98,23.64,23.93,10600
QQQX,25-Jul-2014,19.13,19.26,19.09,19.21,29600
QQXT,25-Jul-2014,36.46,36.46,36.28,36.28,23600
QRHC,25-Jul-2014,31.68,33.2,31.68,32.48,45100
QSII,25-Jul-2014,15.4,15.81,15.3,15.4,830100
QTEC,25-Jul-2014,40.43,40.43,40.2,40.34,24300
QTNT,25-Jul-2014,8.58,8.95,8.5,8.75,22900
QUIK,25-Jul-2014,4.08,4.15,4.06,4.09,381500
QUMU,25-Jul-2014,13.08,13.39,13.05,13.05,16100
QURE,25-Jul-2014,10.77,10.95,10.17,10.25,53500
QYLD,25-Jul-2014,25.17,25.17,25.17,25.17,100
RADA,25-Jul-2014,2.88,2.88,2.88,2.88,1200
RAIL,25-Jul-2014,22.83,22.88,22.3,22.36,39200
RAND,25-Jul-2014,3.13,3.14,3.13,3.14,300
RARE,25-Jul-2014,42.87,43.65,42.55,43.11,164800
RAVN,25-Jul-2014,29.19,29.73,29.11,29.33,98100
RBCAA,25-Jul-2014,23.47,23.72,23.2,23.26,17200
RBCN,25-Jul-2014,86,86.1,84,84.2,407300
RCII,25-Jul-2014,24.42,24.62,24.11,24.13,760300
RCKY,25-Jul-2014,14.7,14.93,14.7,14.91,10400
RCMT,25-Jul-2014,6.85,6.93,6.85,6.9,6000
RCON,25-Jul-2014,4.3,4.58,4.2,4.49,106900
RDCM,25-Jul-2014,5.51,5.78,5.51,5.75,2000
RDHL,25-Jul-2014,15.02,15.02,14.44,14.59,1300
RDI,25-Jul-2014,8.11,8.18,8.03,8.11,30500
RDNT,25-Jul-2014,5.65,5.69,5.34,5.35,447400
RDUS,25-Jul-2014,10.17,10.48,10.04,10.26,38000
RDVY,25-Jul-2014,21.43,21.43,21.29,21.29,2400
RDWR,25-Jul-2014,16.17,16.57,16,16.56,272600
RECN,25-Jul-2014,15.17,15.4,15.12,15.32,158800
REFR,25-Jul-2014,5.39,5.45,5.3,5.4,30300
REGI,25-Jul-2014,10.81,11.07,10.81,10.86,245100
REGN,25-Jul-2014,303.46,305.01,300.22,303.09,369000
REIS,25-Jul-2014,21.72,21.99,21.68,21.75,22500
RELL,25-Jul-2014,10.22,10.62,10.18,10.55,58100
RELV,25-Jul-2014,9.66,10.22,9.1,9.52,34600
REPH,25-Jul-2014,5.84,6.15,5.7,5.82,33900
RESN,25-Jul-2014,7.01,7.03,7.01,7.01,1600
REXX,25-Jul-2014,145.9,146,142.3,142.9,666100
RFIL,25-Jul-2014,5.65,5.66,5.56,5.6,15300
RGCO,25-Jul-2014,12.94,12.94,12.94,12.94,100
RGEN,25-Jul-2014,22.83,22.95,22.33,22.68,271400
RGLD,25-Jul-2014,76.01,78.34,76.01,78.07,493600
RGLS,25-Jul-2014,6.65,6.86,6.47,6.52,39400
RGSE,25-Jul-2014,28320,29400,27600,27720,368400
RIBT,25-Jul-2014,5.18,5.21,5.16,5.18,16200
RIBTW,25-Jul-2014,1.55,1.55,1.55,1.55,100
RICK,25-Jul-2014,11.06,11.22,11.01,11.06,22000
RIGL,25-Jul-2014,3.34,3.35,3.26,3.32,256800
RLJE,25-Jul-2014,10.77,10.77,10.56,10.56,4300
RLOG,25-Jul-2014,5.98,6.1,5.98,6.06,7600
RMBS,25-Jul-2014,12.6,12.61,12.19,12.23,782600
RMCF,25-Jul-2014,12.87,12.96,12.87,12.89,1400
RMGN,25-Jul-2014,2.35,2.36,2.25,2.28,100700
RMTI,25-Jul-2014,10.52,10.52,10.15,10.21,230900
RNET,25-Jul-2014,55.48,56.4,55.11,56.07,86000
RNST,25-Jul-2014,28.83,28.94,28.67,28.75,59200
RNWK,25-Jul-2014,7.8,7.85,7.75,7.76,77500
ROBO,25-Jul-2014,27.45,27.58,27.28,27.28,28400
ROCK,25-Jul-2014,14.85,15.11,14.85,15.04,95800
ROIC,25-Jul-2014,15.7,15.89,15.65,15.84,737500
ROKA,25-Jul-2014,114.9,115.9,114,115,87700
ROLL,25-Jul-2014,59.91,60.54,59.42,59.66,90200
ROSE,25-Jul-2014,52.79,53.88,52.52,53.21,1002500
ROSG,25-Jul-2014,3.9,3.95,3.86,3.91,62000
ROST,25-Jul-2014,31.68,31.875,31.675,31.73,1138500
RP,25-Jul-2014,16.38,16.54,16.3,16.37,841400
RPRX,25-Jul-2014,14.49,14.61,14.27,14.51,132300
RPXC,25-Jul-2014,16.12,16.12,15.78,16.03,254600
RRGB,25-Jul-2014,64.81,65.74,64.33,65.74,102400
RSYS,25-Jul-2014,3.28,3.33,3.25,3.26,24200
RTIX,25-Jul-2014,4.4,4.6,4.3,4.58,182000
RTRX,25-Jul-2014,11.35,11.57,11.28,11.5,226800
RUSHA,25-Jul-2014,35.48,35.84,35.21,35.7,109600
RUSHB,25-Jul-2014,31.18,31.26,31.18,31.26,400
RUTH,25-Jul-2014,11.4,11.45,11.28,11.42,198100
RVLT,25-Jul-2014,23.1,23.1,22.4,22.4,338300
RVNC,25-Jul-2014,31.25,32.17,31.25,32.09,71700
RVSB,25-Jul-2014,3.86,3.88,3.77,3.84,20300
RXDX,25-Jul-2014,8.33,8.41,8.25,8.4,4700
RXII,25-Jul-2014,24.7,25.2,24.6,24.8,81100
RYAAY,25-Jul-2014,52.46,53.08,52.06,52.6,264000
SABR,25-Jul-2014,19.59,19.79,19.34,19.56,232000
SAEX,25-Jul-2014,1159.65,1159.65,1129.95,1144.8,2700
SAFM,25-Jul-2014,100.65,101.77,99.8,101.6,332200
SAFT,25-Jul-2014,50.89,51.06,50.5,50.77,30700
SAGE,25-Jul-2014,27,27.32,26.19,26.44,43000
SAIA,25-Jul-2014,46.11,46.11,45.31,45.57,226300
SAL,25-Jul-2014,29,29,28.26,28.26,300
SALM,25-Jul-2014,8.88,9,8.77,8.84,26900
SAMG,25-Jul-2014,16.83,16.83,16.4,16.44,9000
SANM,25-Jul-2014,23.21,23.43,23,23.27,563500
SANW,25-Jul-2014,6.45,6.48,6.38,6.42,14700
SASR,25-Jul-2014,24.17,24.17,23.73,23.81,70500
SATS,25-Jul-2014,51.7,51.81,50.97,51,109200
SBAC,25-Jul-2014,102.91,106.71,102.56,103.22,2480700
SBBX,25-Jul-2014,9.35,9.35,9.35,9.35,100
SBCF,25-Jul-2014,10.45,10.45,10.16,10.31,55300
SBCP,25-Jul-2014,11.95,11.95,11.86,11.91,74600
SBFG,25-Jul-2014,8.37,8.4,8.37,8.4,2600
SBGI,25-Jul-2014,33.22,33.92,33.07,33.61,767400
SBLK,25-Jul-2014,55.5,56.65,55,55.35,105900
SBNY,25-Jul-2014,118.75,119.68,117.11,117.73,239200
SBNYW,25-Jul-2014,87.24,87.24,87.24,87.24,0
SBRA,25-Jul-2014,28.46,28.56,28.05,28.15,206600
SBRAP,25-Jul-2014,26.13,26.51,26.13,26.4,55800
SBSI,25-Jul-2014,29.25,29.8,28.88,29.58,137500
SBUX,25-Jul-2014,39.2,39.66,39,39.37,9492100
SCHL,25-Jul-2014,35.24,35.86,34.9,35.74,170300
SCHN,25-Jul-2014,27.15,27.47,27.15,27.42,127900
SCMP,25-Jul-2014,6.19,6.29,6.12,6.17,68100
SCON,25-Jul-2014,42,43.05,40.2,40.8,87300
SCSC,25-Jul-2014,36.02,36.4,35.9,36.33,84900
SCVL,25-Jul-2014,18.5,18.59,18.12,18.17,28800
SCYX,25-Jul-2014,7,7.1,6.91,7,12100
SEAC,25-Jul-2014,7.76,7.85,7.66,7.69,87600
SEED,25-Jul-2014,2.19,2.23,2.18,2.19,51200
SEIC,25-Jul-2014,35.47,36.04,35.36,35.76,1663900
SENEA,25-Jul-2014,29.4,29.62,29.16,29.44,16300
SENEB,25-Jul-2014,31.58,31.58,31.58,31.58,0
SFBC,25-Jul-2014,17.41,17.41,17.41,17.41,100
SFBS,25-Jul-2014,28.5,28.59,28.37,28.5,19800
SFLY,25-Jul-2014,47.05,47.89,46.99,47.12,458100
SFM,25-Jul-2014,31.77,31.81,31.2,31.24,571300
SFNC,25-Jul-2014,38.98,39.55,38.94,39.11,54400
SFST,25-Jul-2014,13.86,13.86,13.86,13.86,200
SGC,25-Jul-2014,19.55,20.12,19.4,19.85,15300
SGEN,25-Jul-2014,34.6,35.13,34.18,34.89,661500
SGMA,25-Jul-2014,11.45,11.47,10.92,10.98,10600
SGMO,25-Jul-2014,12.17,12.74,12.13,12.32,546100
SGMS,25-Jul-2014,9.03,9.23,8.93,9.03,637100
SGOC,25-Jul-2014,7.08,7.32,7.04,7.2,12300
SGRP,25-Jul-2014,1.37,1.37,1.36,1.36,200
SGYP,25-Jul-2014,3.78,3.8,3.65,3.77,595000
SHBI,25-Jul-2014,8.95,9.17,8.95,9.01,1100
SHEN,25-Jul-2014,14.285,14.43,14.14,14.27,64100
SHIP,25-Jul-2014,7.35,7.65,7.3,7.5,4500
SHLD,25-Jul-2014,38.89,39.22,38.62,38.71,463600
SHLM,25-Jul-2014,41.2,41.43,40.92,41.12,235400
SHLO,25-Jul-2014,17.46,17.79,17.28,17.61,35000
SHOO,25-Jul-2014,33.69,33.86,33.36,33.42,332800
SHOS,25-Jul-2014,19.52,19.72,19.47,19.64,51000
SHPG,25-Jul-2014,254.32,254.74,252.08,252.67,1173300
SIEB,25-Jul-2014,2.8,2.81,2.74,2.74,3400
SIFI,25-Jul-2014,10.97,11.28,10.97,11.01,7700
SIFY,25-Jul-2014,2.08,2.13,2.01,2.02,301900
SIGI,25-Jul-2014,23.28,23.65,23.13,23.3,234800
SIGM,25-Jul-2014,4.3,4.32,4.19,4.2,160800
SILC,25-Jul-2014,27.75,27.96,27.09,27.24,169100
SIMO,25-Jul-2014,23.12,23.12,22.39,22.58,484300
SINA,25-Jul-2014,49.6,50.07,49.08,49.6,1431400
SINO,25-Jul-2014,1.75,1.85,1.75,1.84,2700
SIRI,25-Jul-2014,3.43,3.45,3.42,3.44,43974900
SIVB,25-Jul-2014,110.92,113.46,109.75,111.56,578400
SKYW,25-Jul-2014,11.66,11.9,11.57,11.65,203700
SKYY,25-Jul-2014,26.9,26.92,26.76,26.88,82800
SLAB,25-Jul-2014,43.51,43.51,39.28,40.04,2114200
SLGN,25-Jul-2014,25.25,25.72,25.155,25.63,166400
SLM,25-Jul-2014,8.71,8.73,8.63,8.73,3481000
SLMBP,25-Jul-2014,75.09,75.09,74.44,74.5,2800
SLP,25-Jul-2014,5.87,5.89,5.65,5.89,15800
SLRC,25-Jul-2014,20.68,20.89,20.62,20.8,205800
SLVO,25-Jul-2014,15.06,15.22,15,15.17,7600
SMBC,25-Jul-2014,17.475,17.475,17.475,17.475,400
SMCI,25-Jul-2014,25.42,25.5,24.74,25.15,255700
SMED,25-Jul-2014,4.67,4.67,4.62,4.65,29300
SMIT,25-Jul-2014,2.68,2.71,2.68,2.7,9300
SMMF,25-Jul-2014,10.52,10.7,10.45,10.65,2400
SMPL,25-Jul-2014,16.46,16.69,16.43,16.43,92700
SMRT,25-Jul-2014,13.52,13.52,13.28,13.34,61800
SMSI,25-Jul-2014,4.52,4.6,4.36,4.56,139700
SMTC,25-Jul-2014,22.56,22.56,21.69,21.8,667200
SMTX,25-Jul-2014,1.95,1.97,1.9,1.97,30700
SNBC,25-Jul-2014,19.5,19.8,19.4,19.45,67000
SNCR,25-Jul-2014,34.15,34.65,34,34.63,153000
SNFCA,25-Jul-2014,4.4,4.4,4.31,4.34,7100
SNHY,25-Jul-2014,38.87,39.2,38.19,38.3,76600
SNMX,25-Jul-2014,7.45,7.48,7.2,7.31,482700
SNPS,25-Jul-2014,39,39.1,38.73,38.99,548800
SNSS,25-Jul-2014,37.98,40.38,37.5,40.2,633300
SOCL,25-Jul-2014,19.35,19.46,19.29,19.4,104000
SODA,25-Jul-2014,31.75,32.42,30.98,31.18,1656200
SOFO,25-Jul-2014,10.64,10.64,10.64,10.64,200
SOHO,25-Jul-2014,7.88,7.94,7.76,7.79,12900
SOHU,25-Jul-2014,56.6,57.45,55.83,57.4,578600
SONA,25-Jul-2014,10.75,10.75,10.52,10.55,3200
SONC,25-Jul-2014,21.32,21.51,21.23,21.4,374700
SORL,25-Jul-2014,3.44,3.69,3.44,3.67,32800
SOXX,25-Jul-2014,84.83,84.94,83.58,83.77,737200
SP,25-Jul-2014,19.81,19.83,19.29,19.34,56000
SPAR,25-Jul-2014,4.51,4.63,4.51,4.52,111100
SPCB,25-Jul-2014,8.78,9.26,8.75,9.19,115500
SPEX,25-Jul-2014,29.07,29.45,28.5,28.88,451500
SPHS,25-Jul-2014,2.4,2.5,2.39,2.47,42600
SPIL,25-Jul-2014,7.45,7.45,7.27,7.29,904400
SPLK,25-Jul-2014,47.61,48.58,47.06,47.88,1107500
SPNS,25-Jul-2014,7.52,7.6,7.44,7.54,52600
SPOK,25-Jul-2014,14.41,14.71,14.41,14.5,56900
SPPI,25-Jul-2014,7.06,7.16,6.95,7.05,655000
SPRO,25-Jul-2014,1.89,1.91,1.85,1.91,50400
SPRT,25-Jul-2014,2.42,2.43,2.34,2.39,260200
SPSC,25-Jul-2014,51.04,53.46,49.98,52.35,234300
SPTN,25-Jul-2014,21.39,21.77,21.33,21.71,149300
SPWH,25-Jul-2014,6.06,6.17,6.01,6.1,151500
SPWR,25-Jul-2014,38.04,38.31,37.51,37.6,1841400
SQBG,25-Jul-2014,13.86,13.93,13.2,13.29,74000
SQQQ,25-Jul-2014,157,158.92,155.92,156.6,2620600
SRCE,25-Jul-2014,28.85,29.34,28.64,28.8,35600
SRCL,25-Jul-2014,118.87,119.28,117.77,118.25,452700
SRDX,25-Jul-2014,19.67,19.69,19.5,19.56,22300
SREV,25-Jul-2014,4.43,4.51,4.39,4.4,801400
SRNE,25-Jul-2014,5.11,5.33,5.11,5.17,54000
SRPT,25-Jul-2014,20.48,20.96,20.2,20.58,858600
SSB,25-Jul-2014,58.25,58.38,57.89,58.25,65900
SSBI,25-Jul-2014,12.46,13,12.35,13,2000
SSFN,25-Jul-2014,4.4,4.4,4.4,4.4,400
SSNC,25-Jul-2014,43.34,43.91,43.15,43.46,247000
SSYS,25-Jul-2014,103.73,105.42,103.2,103.94,398700
STAA,25-Jul-2014,12.5,12.97,12.4,12.77,194700
STB,25-Jul-2014,6.61,6.62,6.57,6.59,35500
STBA,25-Jul-2014,23.63,23.85,23.55,23.66,49700
STBZ,25-Jul-2014,16.33,16.57,16.31,16.47,60800
STFC,25-Jul-2014,21.65,21.88,21.42,21.61,35700
STKL,25-Jul-2014,13.82,13.88,13.5,13.61,224200
STLD,25-Jul-2014,21.72,21.84,21.58,21.66,3901100
STLY,25-Jul-2014,2.56,2.68,2.55,2.56,13300
STML,25-Jul-2014,11.74,12.04,11.61,11.96,101900
STMP,25-Jul-2014,33.89,34.26,33.7,33.9,142400
STPP,25-Jul-2014,36.6,36.68,36.6,36.68,700
STRA,25-Jul-2014,49.27,50.01,48.55,48.66,104200
STRL,25-Jul-2014,8.96,9.24,8.92,9.09,37100
STRM,25-Jul-2014,5.04,5.13,4.59,4.72,129900
STRS,25-Jul-2014,15.7,15.7,15.7,15.7,200
STRT,25-Jul-2014,67.54,68.27,66.46,66.95,22200
STX,25-Jul-2014,59.2,59.71,59.18,59.5,1050000
SUMR,25-Jul-2014,3.61,3.9,3.52,3.89,295000
SUNS,25-Jul-2014,16.64,16.71,16.63,16.63,45300
SUPN,25-Jul-2014,9.15,9.29,8.92,8.94,320700
SVA,25-Jul-2014,5.65,5.66,5.51,5.55,67300
SVBI,25-Jul-2014,4.59,4.65,4.59,4.65,8500
SVVC,25-Jul-2014,21.16,21.16,21.03,21.07,34400
SWIR,25-Jul-2014,19.2,19.36,19.01,19.31,203600
SWKS,25-Jul-2014,52.68,52.7,51.36,51.44,4108800
SYBT,25-Jul-2014,19.5,20.02,19.44,19.82,36100
SYKE,25-Jul-2014,21.21,21.21,20.91,21,151200
SYMC,25-Jul-2014,23.8,23.84,23.59,23.83,3054100
SYNA,25-Jul-2014,78.96,79.19,74.12,75.57,1907200
SYNC,25-Jul-2014,2.42,2.46,2.42,2.45,19400
SYNL,25-Jul-2014,17,17,16.36,16.56,3600
SYNT,25-Jul-2014,44.58,45.13,44.215,44.445,63000
SYPR,25-Jul-2014,5.08,5.19,5,5.05,35900
TACT,25-Jul-2014,9.84,9.84,9.7,9.7,4900
TAIT,25-Jul-2014,1.05,1.05,1,1,1700
TAPR,25-Jul-2014,47.84,47.84,47.5,47.5,2700
TAST,25-Jul-2014,7.48,7.57,7.43,7.53,188500
TATT,25-Jul-2014,7.4,7.4,7.4,7.4,200
TAX,25-Jul-2014,34.49,34.59,33.76,34.4,9700
TAYD,25-Jul-2014,8.85,8.85,8.51,8.51,5700
TBBK,25-Jul-2014,9.25,9.59,9.25,9.54,634100
TBNK,25-Jul-2014,20.15,20.2,20.11,20.19,42800
TBPH,25-Jul-2014,31.58,31.99,31.18,31.61,146400
TCBI,25-Jul-2014,53.67,54.37,53.38,53.6,332900
TCBIL,25-Jul-2014,24.27,24.64,24.27,24.32,2300
TCBIP,25-Jul-2014,24.59,24.75,24.59,24.75,7500
TCBK,25-Jul-2014,22.5,22.71,22.35,22.48,39000
TCCO,25-Jul-2014,4.09,4.09,3.92,4.08,5400
TCFC,25-Jul-2014,21.58,21.58,21.58,21.58,100
TCPC,25-Jul-2014,17.8,17.88,17.62,17.69,129300
TCRD,25-Jul-2014,13.62,13.83,13.58,13.77,144900
TCX,25-Jul-2014,15.4,15.75,15.38,15.5,47100
TDIV,25-Jul-2014,27.26,27.26,27.04,27.11,95300
TECD,25-Jul-2014,64.51,64.62,63.86,64,104800
TECH,25-Jul-2014,91.95,92.78,91.14,92.63,116900
TEDU,25-Jul-2014,11.59,12.3,11.56,11.84,276500
TERP,25-Jul-2014,33.3,33.79,33.3,33.35,376000
TESS,25-Jul-2014,31.03,31.13,30.67,30.83,15100
TFSL,25-Jul-2014,13.64,13.65,13.5,13.55,270000
TGA,25-Jul-2014,6.74,6.75,6.61,6.66,182800
TGEN,25-Jul-2014,6.5,6.5,6.24,6.24,42000
TGLS,25-Jul-2014,11.58,11.58,11.2,11.2,1000
TGTX,25-Jul-2014,8.82,8.87,8.39,8.44,262600
THFF,25-Jul-2014,30.81,31.35,30.67,30.91,19700
THRM,25-Jul-2014,47.5,47.69,47.03,47.45,262100
THST,25-Jul-2014,5.83,5.83,5.64,5.64,2000
TICC,25-Jul-2014,9.66,9.74,9.65,9.74,440900
TILE,25-Jul-2014,17.21,17.3,16.52,16.61,451600
TIPT,25-Jul-2014,7.06,7.06,6.76,6.82,25100
TISA,25-Jul-2014,4.11,4.22,3.96,4.17,28200
TITN,25-Jul-2014,15.72,15.92,15.32,15.38,114100
TIVO,25-Jul-2014,13.52,13.58,13.46,13.47,499200
TLF,25-Jul-2014,9.2,9.25,9.13,9.2,15900
TLT,25-Jul-2014,115.34,115.68,115.16,115.67,7043300
TNAV,25-Jul-2014,5.21,5.21,5.05,5.1,125400
TNDM,25-Jul-2014,13.28,13.45,13.24,13.31,39300
TNXP,25-Jul-2014,11.33,11.39,11.11,11.3,49900
TOPS,25-Jul-2014,358,366,350,352,37200
TORM,25-Jul-2014,8.93,9.62,8.5,8.6,6900
TOUR,25-Jul-2014,18.01,19.19,17.91,18.71,490200
TOWN,25-Jul-2014,14.75,14.85,14.67,14.72,66800
TQQQ,25-Jul-2014,40.605,40.88,40.075,40.7,1935100
TRCB,25-Jul-2014,8.73,8.83,8.48,8.66,10600
TRCH,25-Jul-2014,3.99,4,3.91,3.95,19400
TREE,25-Jul-2014,25.11,25.11,24.76,24.99,77700
TRIB,25-Jul-2014,22.99,23.25,22.86,23.1,72000
TRIP,25-Jul-2014,101.81,102.86,98.11,99.88,2507200
TRMB,25-Jul-2014,31.61,31.9,31.41,31.44,1147700
TRMK,25-Jul-2014,23.36,23.52,23.19,23.35,266000
TRNS,25-Jul-2014,10.43,10.51,10.27,10.51,1500
TROV,25-Jul-2014,3.19,3.2,3.16,3.18,13500
TROW,25-Jul-2014,80,80.48,79.37,80.29,1986400
TRS,25-Jul-2014,35,35.38,34.84,35.13,157600
TRST,25-Jul-2014,6.76,6.89,6.76,6.84,353600
TRUE,25-Jul-2014,13.44,13.59,13.06,13.58,201800
TRVN,25-Jul-2014,5.85,5.85,5.5,5.64,30300
TSBK,25-Jul-2014,10.51,10.7,10.51,10.66,2300
TSC,25-Jul-2014,10.67,10.78,10.1,10.19,330000
TSCO,25-Jul-2014,64.83,65,63.19,63.47,1630300
TSEM,25-Jul-2014,10.75,10.76,10.28,10.45,537400
TSLA,25-Jul-2014,222.72,226.97,221.75,223.57,3090300
TSRI,25-Jul-2014,3.26,3.32,3.14,3.14,4500
TSRO,25-Jul-2014,29.5,29.5,27.46,28.26,367400
TST,25-Jul-2014,2.4,2.4,2.34,2.38,12200
TTEC,25-Jul-2014,28.85,29.14,28.39,28.59,94800
TTEK,25-Jul-2014,27.12,27.49,26.95,27.08,202100
TTGT,25-Jul-2014,8,8.11,7.87,7.95,97300
TTMI,25-Jul-2014,7.99,8.08,7.88,7.99,256400
TTPH,25-Jul-2014,10.84,10.97,10.62,10.68,153100
TTS,25-Jul-2014,10.79,11.17,10.61,10.9,1212500
TTWO,25-Jul-2014,23.37,23.51,23.04,23.51,1074000
TUES,25-Jul-2014,16.97,16.98,16.67,16.75,254200
TVIX,25-Jul-2014,2.89,2.97,2.88,2.94,9187700
TVIZ,25-Jul-2014,20.43,20.67,20.43,20.61,4100
TWIN,25-Jul-2014,31.26,31.36,30.81,31.11,39400
TWMC,25-Jul-2014,3.78,3.92,3.68,3.71,15600
TWOU,25-Jul-2014,13.76,14.43,13.53,14.37,154500
TXN,25-Jul-2014,47.7,47.73,46.77,46.82,9472000
TXRH,25-Jul-2014,24.66,25.04,24.6,24.94,330500
TYPE,25-Jul-2014,28.2,29.07,27.76,28.38,181800
TZOO,25-Jul-2014,17.45,17.61,17.35,17.52,54000
UAE,25-Jul-2014,22.86,23.14,22.86,23,56900
UBCP,25-Jul-2014,7.92,7.92,7.92,7.92,0
UBFO,25-Jul-2014,5.82,5.88,5.8,5.8,2200
UBNK,25-Jul-2014,12.55,12.64,12.41,12.53,194800
UBNT,25-Jul-2014,40.28,40.54,39.93,40.1,587200
UBOH,25-Jul-2014,14.67,14.69,14.67,14.69,200
UBSH,25-Jul-2014,24.13,24.39,24.13,24.25,115100
UBSI,25-Jul-2014,31.2,31.81,31.2,31.76,214900
UCBA,25-Jul-2014,11.91,11.91,11.91,11.91,0
UCBI,25-Jul-2014,15.87,16.77,15.87,16.74,511400
UCFC,25-Jul-2014,4.13,4.28,4.1,4.26,149000
UCTT,25-Jul-2014,9.06,9.06,8.86,8.88,192900
UEIC,25-Jul-2014,49.76,49.85,48.61,48.77,141200
UEPS,25-Jul-2014,10.72,10.88,10.65,10.78,52100
UFCS,25-Jul-2014,28.35,28.65,28.26,28.56,45200
UFPI,25-Jul-2014,45.13,46.2,44.76,45.43,92000
UFPT,25-Jul-2014,24.41,25.09,24.41,24.52,12100
UG,25-Jul-2014,27,27.2,26.65,26.82,12300
UGLD,25-Jul-2014,15.34,15.87,15.33,15.85,155400
UHAL,25-Jul-2014,281.9,281.9,272.02,275.5,67500
UIHC,25-Jul-2014,16.33,16.37,16.02,16.22,195500
ULBI,25-Jul-2014,3.66,3.68,3.5,3.61,11000
ULTA,25-Jul-2014,92.7,93.11,91.16,92.64,578300
ULTI,25-Jul-2014,130.75,132.27,130.27,132.03,169200
UMBF,25-Jul-2014,56.22,56.67,55.91,56.56,175600
UMPQ,25-Jul-2014,16.95,17.34,16.95,17.27,1365700
UNAM,25-Jul-2014,12.55,12.73,12.52,12.65,32300
UNB,25-Jul-2014,25.19,25.2,25.19,25.2,1400
UNFI,25-Jul-2014,60.01,60.45,59.3,59.8,716100
UNTY,25-Jul-2014,9.27,9.35,9.25,9.35,6000
URBN,25-Jul-2014,34.74,34.92,34.51,34.53,1230700
USAK,25-Jul-2014,18.47,18.86,18.47,18.62,36600
USAP,25-Jul-2014,30.31,30.34,29.67,29.76,26000
USAT,25-Jul-2014,2.1,2.12,2.1,2.1,74700
USATP,25-Jul-2014,20.63,20.63,20.63,20.63,500
USCR,25-Jul-2014,25.73,25.99,25.57,25.66,49500
USEG,25-Jul-2014,25.74,25.86,25.32,25.62,75600
USLM,25-Jul-2014,62.56,62.56,59.89,60.05,6800
USLV,25-Jul-2014,48,50.22,47.72,50.09,181600
UTHR,25-Jul-2014,91.77,92.22,90.42,91.59,381500
UTMD,25-Jul-2014,50.5,50.5,50.41,50.5,4800
UTSI,25-Jul-2014,2.92,2.96,2.92,2.96,24300
UVSP,25-Jul-2014,19.12,19.16,18.67,18.74,35100
VALU,25-Jul-2014,17.2,17.43,16.82,16.82,2500
VBFC,25-Jul-2014,29.6,29.6,26.08,26.08,22000
VCIT,25-Jul-2014,86.63,86.64,86.47,86.6,242600
VCLT,25-Jul-2014,90.69,91.12,90.69,90.99,63700
VCSH,25-Jul-2014,80.15,80.18,80.11,80.15,345500
VCYT,25-Jul-2014,14.62,14.91,14.28,14.67,65200
VDSI,25-Jul-2014,13.31,13.5,12.86,13.09,509600
VECO,25-Jul-2014,34.4,35.07,33.81,34.72,456900
VGIT,25-Jul-2014,63.85,63.89,63.79,63.89,12800
VGLT,25-Jul-2014,71.84,72.07,71.8,72.07,7200
VGSH,25-Jul-2014,60.91,60.93,60.9,60.91,16800
VIA,25-Jul-2014,85.54,87.8,85.54,86.15,14500
VIAB,25-Jul-2014,85.68,86.19,85.37,86.14,1846300
VICL,25-Jul-2014,12.6,12.8,12.3,12.5,537100
VICR,25-Jul-2014,8.01,8.06,7.91,8,50300
VIDI,25-Jul-2014,26.04,26.04,25.94,25.98,48100
VIIX,25-Jul-2014,38.5,39.16,38.4,38.95,45300
VIIZ,25-Jul-2014,17.04,17.17,17.04,17.06,2900
VIRC,25-Jul-2014,2.46,2.65,2.34,2.51,125000
VIVO,25-Jul-2014,20,20.12,19.52,20.04,548900
VLGEA,25-Jul-2014,23.42,24.03,23.34,23.82,22500
VMBS,25-Jul-2014,52.38,52.48,52.38,52.48,37900
VNDA,25-Jul-2014,13.9,14.29,13.82,14.18,342700
VNET,25-Jul-2014,27.4,27.55,26.49,27.22,684500
VNOM,25-Jul-2014,32.67,32.87,32.11,32.35,23400
VNQI,25-Jul-2014,59.2,59.26,58.96,59.02,92300
VOD,25-Jul-2014,34.38,34.46,34.08,34.16,7232600
VONE,25-Jul-2014,91.25,91.45,91.05,91.1,16900
VONG,25-Jul-2014,93.75,93.75,93.51,93.6,4800
VONV,25-Jul-2014,89.06,89.16,88.86,88.92,27400
VOXX,25-Jul-2014,9.11,9.18,8.96,9,84000
VRA,25-Jul-2014,20.52,20.79,20.45,20.53,511500
VRML,25-Jul-2014,2.39,2.4,2.27,2.29,12600
VRNS,25-Jul-2014,20.68,21.84,20.34,21.64,152800
VRNT,25-Jul-2014,47.23,47.81,47.03,47.55,284500
VRSK,25-Jul-2014,63.02,63.2,62.71,62.97,530500
VRSN,25-Jul-2014,52.5,56.33,51.76,55.59,6441100
VRTS,25-Jul-2014,208.35,211.4,207.77,210,33700
VRTU,25-Jul-2014,32.28,32.49,31.85,32.27,118400
VRTX,25-Jul-2014,96.01,96.81,94.67,95.75,1259000
VSAR,25-Jul-2014,22,22.64,22,22.02,64700
VSAT,25-Jul-2014,58.84,59.18,58.13,58.63,189500
VSEC,25-Jul-2014,32.77,33.055,32.06,32.18,24300
VSTM,25-Jul-2014,8.27,8.4,8.13,8.3,135900
VTHR,25-Jul-2014,91.12,91.23,91.12,91.16,800
VTIP,25-Jul-2014,49.99,50.02,49.96,50.01,88200
VTL,25-Jul-2014,26.17,27,24.49,24.95,35000
VTNR,25-Jul-2014,8.32,8.38,8.13,8.25,174900
VTWG,25-Jul-2014,96.96,96.96,96.31,96.49,4000
VTWO,25-Jul-2014,91.32,91.52,91.07,91.17,47000
VTWV,25-Jul-2014,86.14,86.14,85.87,86.05,2800
VUSE,25-Jul-2014,26.23,26.24,26.17,26.19,20400
VVUS,25-Jul-2014,4.87,4.91,4.76,4.82,886600
VWOB,25-Jul-2014,81.27,81.27,80.99,81.03,22400
VXUS,25-Jul-2014,54.69,54.69,54.3,54.47,146500
WABC,25-Jul-2014,48.8,49.69,48.72,49.15,168600
WAFD,25-Jul-2014,21.45,21.5,21.26,21.34,498300
WAFDW,25-Jul-2014,5.55,5.55,5.55,5.55,0
WASH,25-Jul-2014,34.15,34.64,33.96,34.16,26500
WATT,25-Jul-2014,12.39,12.75,12.19,12.66,57700
WB,25-Jul-2014,19.78,20.42,19.45,20.16,901500
WDAY,25-Jul-2014,81.16,81.94,80.69,81.42,516800
WDC,25-Jul-2014,99.26,99.95,98.77,99.36,971800
WDFC,25-Jul-2014,69.44,70.41,68.87,69.14,51300
WEBK,25-Jul-2014,18.94,18.98,18.92,18.92,1000
WEN,25-Jul-2014,8.25,8.38,8.25,8.27,3250600
WERN,25-Jul-2014,25.93,26.32,25.27,25.29,1068200
WETF,25-Jul-2014,10.78,11,10.66,10.71,2144500
WEYS,25-Jul-2014,26.62,26.62,25.6,25.68,7400
WFBI,25-Jul-2014,14.82,14.82,14.82,14.82,0
WHF,25-Jul-2014,14.16,14.25,14.08,14.25,12500
WHFBL,25-Jul-2014,25.45,25.45,25.45,25.45,0
WHLR,25-Jul-2014,37.52,38,37.28,37.92,25400
WHLRP,25-Jul-2014,24.86,24.9,24.6,24.9,10100
WHLRW,25-Jul-2014,0.55,0.55,0.55,0.55,0
WIFI,25-Jul-2014,6.28,6.36,6.24,6.33,73900
WILC,25-Jul-2014,7.42,7.48,7.36,7.47,5200
WIN,25-Jul-2014,10.42,10.57,10.42,10.46,4381100
WINA,25-Jul-2014,66.71,67.58,65.8,66.03,17400
WIRE,25-Jul-2014,44,47,42.77,45.88,375000
WIX,25-Jul-2014,17.54,17.91,17.39,17.63,83100
WLB,25-Jul-2014,41.58,43.45,41.58,42.04,286100
WLDN,25-Jul-2014,8.3,8.64,8.3,8.46,35400
WLFC,25-Jul-2014,24.46,24.5,24.35,24.45,43100
WMGI,25-Jul-2014,31.49,31.9,31.13,31.3,278300
WMGIZ,25-Jul-2014,1.6,1.7,1.6,1.61,5600
WOOD,25-Jul-2014,52.29,52.29,51.95,52.07,8400
WPCS,25-Jul-2014,16.28,26.4,16.28,21.12,8678300
WPRT,25-Jul-2014,17.22,17.56,16.93,17.11,630200
WRLD,25-Jul-2014,79.3,81.18,79.3,81.01,148000
WSBC,25-Jul-2014,30.03,30.55,30.03,30.24,55800
WSBF,25-Jul-2014,11.2,11.23,11.07,11.16,97500
WSCI,25-Jul-2014,8,8,7.92,7.98,500
WSFS,25-Jul-2014,23.3333,23.3333,22.94,23.0967,54900
WSTG,25-Jul-2014,16.26,16.3,15.42,16.01,55400
WSTL,25-Jul-2014,8.28,8.48,8.28,8.36,113000
WTBA,25-Jul-2014,14.15,14.83,14.15,14.57,34900
WTFC,25-Jul-2014,46.68,46.98,46.46,46.74,144600
WVFC,25-Jul-2014,11,11,10.8,10.8,3000
WVVI,25-Jul-2014,5.99,5.99,5.71,5.76,2900
WWD,25-Jul-2014,50.58,51.38,50.5,50.59,256700
WYNN,25-Jul-2014,203.9,206.15,203.01,204.47,835100
XBKS,25-Jul-2014,6.53,6.6,6.53,6.6,1300
XCRA,25-Jul-2014,9.38,9.44,9.25,9.42,536200
XENT,25-Jul-2014,12.6,13.29,12.02,12.65,259300
XGTI,25-Jul-2014,26.16,27.24,26.04,26.76,173400
XIV,25-Jul-2014,44.36,44.47,43.59,43.84,8587100
XLNX,25-Jul-2014,41.14,41.91,40.7,41.46,7462900
XLRN,25-Jul-2014,27.61,28.85,27.61,28.13,159700
XNCR,25-Jul-2014,9.49,9.6,9.28,9.5,27700
XNET,25-Jul-2014,12.75,12.85,12.53,12.75,162400
XOMA,25-Jul-2014,80.6,82.8,78.2,78.6,892500
XONE,25-Jul-2014,32.8,33.72,32.44,33,240400
XPLR,25-Jul-2014,5.8,5.89,5.69,5.69,28500
XRAY,25-Jul-2014,46.77,46.86,46.63,46.83,350600
XTLB,25-Jul-2014,16.6,16.6,16.6,16.6,0
YDIV,25-Jul-2014,21.66,21.66,21.59,21.59,2500
YNDX,25-Jul-2014,30.69,30.83,30.37,30.53,2251200
YORW,25-Jul-2014,19.35,19.43,19.2,19.22,21300
YRCW,25-Jul-2014,27,27.11,26.2,26.59,427300
YY,25-Jul-2014,74.53,79.89,74.3,79.25,2274600
Z,25-Jul-2014,143.5,159.26,142.5,158.86,4492400
ZAGG,25-Jul-2014,5.53,5.53,5.39,5.44,212800
ZBRA,25-Jul-2014,82.06,82.18,81.5,81.64,183600
ZEUS,25-Jul-2014,22.85,23.23,22.67,22.82,22800
ZFGN,25-Jul-2014,19,19.1,18.69,18.96,22700
ZGNX,25-Jul-2014,12.64,12.96,12.48,12.56,1137400
ZION,25-Jul-2014,30.25,30.47,29.77,30.06,4663500
ZIONW,25-Jul-2014,5.49,5.75,5.49,5.75,3800
ZIOP,25-Jul-2014,3.23,3.25,3.15,3.16,462000
ZIV,25-Jul-2014,47.71,47.79,47.22,47.53,48300
ZIXI,25-Jul-2014,3.43,3.53,3.38,3.44,462500
ZN,25-Jul-2014,1.92,2,1.92,1.95,19200
ZNGA,25-Jul-2014,3.02,3.06,3,3,18968100
ZUMZ,25-Jul-2014,28.15,28.15,26.99,27.07,151800
